
function [] = EKInitConst()

PBGlobals;

kB = 1.3806e-23;
e0 = 1.6022e-19;
eps0 = 8.8542e-12;
NA = 6.0221e23;
T0 = 273.15;

return
end


