function [] = mes_h()

ChannelMobGlobals;

MES_h = [ ...
% XI    MES_g3    MES_g5    MES_g7
0.001 3.75e8 -4.5e14 1.6875e20
0.002 4.6875e7 -1.40625e13 1.3183594e18
0.003 1.3888889e7 -1.8518519e12 7.7160494e16
0.004 5.859375e6 -4.3945313e11 1.0299683e16
0.005 3.e6 -1.44e11 2.16e15
0.006 1.7361111e6 -5.787037e10 6.0281636e14
0.007 1.0932945e6 -2.6774558e10 2.0490733e14
0.008 732421.88 -1.373291e10 8.046627e13
0.009 514403.3 -7.6207895e9 3.5281433e13
0.01 375000.01 -4.5e9 1.6875e13
0.011 281743.06 -2.794146e9 8.6595432e12
0.012 217013.9 -1.8084491e9 4.7095028e12
0.013 170687.31 -1.2119808e9 2.6893066e12
0.014 136661.82 -8.3670495e8 1.6008385e12
0.015 111111.12 -5.9259259e8 9.8765432e11
0.016 91552.748 -4.2915344e8 6.2864274e11
0.017 76328.125 -3.1693333e8 4.1124566e11
0.018 64300.429 -2.3814967e8 2.7563619e11
0.019 54672.712 -1.8173748e8 1.8878547e11
0.02 46875.021 -1.40625e8 1.3183594e11
0.021 40492.411 -1.1018337e8 9.3693339e10
0.022 35217.907 -8.7317062e7 6.7652682e10
0.023 30821.101 -6.9915479e7 4.9562012e10
0.024 27126.766 -5.6514035e7 3.6792991e10
0.025 24000.033 -4.6080001e7 2.7648e10
0.026 21335.948 -3.7874402e7 2.1010208e10
0.027 19052.011 -3.1361275e7 1.6132342e10
0.028 17082.766 -2.6147031e7 1.2506551e10
0.029 15375.827 -2.1939289e7 9.7826789e9
0.03 13888.935 -1.851852e7 7.7160494e9
0.031 12587.743 -1.5718246e7 6.1335502e9
0.032 11444.144 -1.3411047e7 4.9112714e9
0.033 10434.983 -1.1498544e7 3.9595534e9
0.034 9541.0716 -9.9041679e6 3.2128568e9
0.035 8746.4169 -8.5678602e6 2.6228139e9
0.036 8037.6159 -7.4421788e6 2.1534078e9
0.037 7403.3805 -6.4893919e6 1.7775905e9
0.038 6834.1578 -5.679298e6 1.4748865e9
0.039 6321.8266 -4.9875771e6 1.2296784e9
0.04 5859.4532 -4.394533e6 1.0299683e9
0.041 5441.094 -3.884127e6 8.664765e8
0.042 5061.634 -3.443232e6 7.3197922e8
0.043 4716.6551 -3.0610505e6 6.2081843e8
0.044 4402.3282 -2.72866e6 5.2853659e8
0.045 4115.3233 -2.4386545e6 4.5160235e8
0.046 3852.7351 -2.1848606e6 3.8720323e8
0.047 3612.0213 -1.9621114e6 3.3308785e8
0.048 3390.951 -1.7660655e6 2.8744525e8
0.049 3187.5605 -1.593062e6 2.4881195e8
0.05 3000.1172 -1.4400021e6 2.1600001e8
0.051 2827.0885 -1.3042545e6 1.8804101e8
0.052 2667.1148 -1.1835772e6 1.6414226e8
0.053 2518.988 -1.0760539e6 1.4365235e8
0.054 2381.6312 -980041.98 1.2603393e8
0.055 2254.0834 -894128.91 1.1084216e8
0.056 2135.4842 -817096.91 9.770744e7
0.057 2025.0626 -747893.14 8.6321671e7
0.058 1922.1257 -685605.04 7.6427188e7
0.059 1826.0499 -629439.6 6.7807816e7
0.06 1736.2732 -578706.06 6.0281645e7
0.061 1652.2875 -532801.31 5.3695144e7
0.062 1573.6334 -491197.56 4.791837e7
0.063 1499.8945 -453431.93 4.2841042e7
0.064 1430.6929 -419097.63 3.8369317e7
0.065 1365.6848 -387836.36 3.4423133e7
0.066 1304.5574 -359331.99 3.093402e7
0.067 1247.0253 -333304.99 2.7843274e7
0.068 1192.8282 -309507.77 2.5100452e7
0.069 1141.7279 -287720.62 2.2662108e7
0.07 1093.5063 -267748.21 2.0490742e7
0.071 1047.9636 -249416.62 1.8553914e7
0.072 1004.9163 -232570.72 1.6823507e7
0.073 964.19584 -217071.91 1.5275098e7
0.074 925.64713 -202796.18 1.3887434e7
0.075 889.12733 -189632.38 1.2641984e7
0.076 854.5047 -177480.79 1.1522559e7
0.077 821.65766 -166251.74 1.0514995e7
0.078 790.47386 -155864.56 9.6068706e6
0.079 760.84934 -146246.52 8.7872818e6
0.08 732.68789 -137331.98 8.0466353e6
0.081 705.90031 -129061.64 7.3764794e6
0.082 680.40383 -121381.84 6.7693558e6
0.083 656.12164 -114243.96 6.2186728e6
0.084 632.98231 -107603.91 5.7185957e6
0.085 610.9194 -101421.66 5.2639526e6
0.086 589.87106 -95660.786 4.8501519e6
0.087 569.77966 -90288.172 4.4731122e6
0.088 550.59144 -85273.627 4.1292e6
0.089 532.25624 -80589.616 3.8151765e6
0.09 514.72719 -76210.999 3.5281512e6
0.091 497.96048 -72114.795 3.2655405e6
0.092 481.91514 -68279.981 3.025033e6
0.093 466.5528 -64687.303 2.8045575e6
0.094 451.83752 -61319.109 2.6022565e6
0.095 437.73561 -58159.205 2.4164618e6
0.096 424.21544 -55192.717 2.2456736e6
0.097 411.24735 -52405.974 2.0885421e6
0.098 398.80345 -49786.395 1.9438509e6
0.099 386.85754 -47322.4 1.810503e6
0.1 375.38497 -45003.313 1.6875075e6
0.101 364.36254 -42819.289 1.5739692e6
0.102 353.7684 -40761.24 1.4690778e6
0.103 343.58197 -38820.768 1.3720994e6
0.104 333.78383 -36990.112 1.2823687e6
0.105 324.35566 -35262.089 1.1992821e6
0.106 315.28019 -33630.049 1.1222912e6
0.107 306.54108 -32087.828 1.0508975e6
0.108 298.12291 -30629.713 984647.34
0.109 290.0111 -29250.401 923127.56
0.11 282.19184 -27944.966 865961.57
0.111 274.65207 -26708.835 812805.78
0.112 267.37943 -25537.752 763346.49
0.113 260.36221 -24427.759 717296.99
0.114 253.58931 -23375.17 674395.11
0.115 247.05018 -22376.552 634400.86
0.116 240.73485 -21428.702 597094.41
0.117 234.63383 -20528.636 562274.25
0.118 228.73812 -19673.567 529755.51
0.119 223.03916 -18860.891 499368.49
0.12 217.52883 -18088.178 470957.25
0.121 212.19939 -17353.152 444378.43
0.122 207.0435 -16653.688 419500.16
0.123 202.05416 -15987.794 396200.99
0.124 197.2247 -15353.604 374369.06
0.125 192.54878 -14749.373 353901.24
0.126 188.02037 -14173.461 334702.39
0.127 183.63368 -13624.333 316684.68
0.128 179.38325 -13100.547 299766.99
0.129 175.26381 -12600.748 283874.33
0.13 171.27039 -12123.664 268937.38
0.131 167.39819 -11668.101 254891.95
0.132 163.64267 -11232.934 241678.64
0.133 159.99948 -10817.106 229242.38
0.134 156.46445 -10419.622 217532.14
0.135 153.0336 -10039.544 206500.59
0.136 149.70314 -9675.9898 196103.8
0.137 146.46943 -9328.1272 186300.97
0.138 143.32899 -8995.1718 177054.2
0.139 140.27849 -8676.3836 168328.25
0.14 137.31473 -8371.0643 160090.36
0.141 134.43468 -8078.5547 152310.02
0.142 131.63539 -7798.2321 144958.85
0.143 128.91407 -7529.5084 138010.39
0.144 126.26802 -7271.8274 131440.
0.145 123.69467 -7024.6634 125224.69
0.146 121.19156 -6787.519 119343.02
0.147 118.75629 -6559.9235 113774.97
0.148 116.38661 -6341.4315 108501.86
0.149 114.08032 -6131.6208 103506.22
0.15 111.83532 -5930.0919 98771.74
0.151 109.6496 -5736.4657 94283.159
0.152 107.52122 -5550.3832 90026.201
0.153 105.44832 -5371.5036 85987.507
0.154 103.42911 -5199.5039 82154.567
0.155 101.46187 -5034.0773 78515.663
0.156 99.544945 -4874.9326 75059.814
0.157 97.676743 -4721.7933 71776.726
0.158 95.855733 -4574.3966 68656.744
0.159 94.080438 -4432.493 65690.807
0.16 92.349441 -4295.8451 62870.411
0.161 90.661373 -4164.2272 60187.572
0.162 89.014919 -4037.4246 57634.787
0.163 87.408809 -3915.2331 55205.007
0.164 85.841822 -3797.4582 52891.603
0.165 84.312778 -3683.9149 50688.344
0.166 82.820544 -3574.4268 48589.363
0.167 81.364022 -3468.826 46589.141
0.168 79.942157 -3366.9524 44682.482
0.169 78.553929 -3268.6535 42864.491
0.17 77.198355 -3173.7838 41130.555
0.171 75.874486 -3082.2046 39476.328
0.172 74.581406 -2993.7835 37897.711
0.173 73.31823 -2908.3941 36390.838
0.174 72.084104 -2825.916 34952.062
0.175 70.878203 -2746.2339 33577.94
0.176 69.69973 -2669.238 32265.222
0.177 68.547914 -2594.8232 31010.839
0.178 67.42201 -2522.8892 29811.89
0.179 66.3213 -2453.3399 28665.634
0.18 65.245087 -2386.0838 27569.481
0.181 64.192699 -2321.033 26520.979
0.182 63.163484 -2258.1037 25517.812
0.183 62.156814 -2197.2157 24557.786
0.184 61.172078 -2138.292 23638.825
0.185 60.208688 -2081.2593 22758.963
0.186 59.266072 -2026.047 21916.339
0.187 58.343679 -1972.5878 21109.189
0.188 57.440973 -1920.8171 20335.842
0.189 56.557437 -1870.673 19594.714
0.19 55.692568 -1822.0962 18884.302
0.191 54.845881 -1775.0299 18203.181
0.192 54.016905 -1729.4195 17550.
0.193 53.205184 -1685.2129 16923.477
0.194 52.410275 -1642.3599 16322.392
0.195 51.631749 -1600.8123 15745.591
0.196 50.86919 -1560.5241 15191.975
0.197 50.122197 -1521.4509 14660.501
0.198 49.390377 -1483.5503 14150.178
0.199 48.673351 -1446.7814 13660.063
0.2 47.970751 -1411.1049 13189.261
0.201 47.282221 -1376.4833 12736.919
0.202 46.607414 -1342.8803 12302.228
0.203 45.945994 -1310.2611 11884.416
0.204 45.297634 -1278.5923 11482.749
0.205 44.662018 -1247.8419 11096.53
0.206 44.038838 -1217.9788 10725.092
0.207 43.427794 -1188.9734 10367.803
