function [] = mus_g()

ChannelMobGlobals;

MUS_g = [ ...
% XI    MUS_g2   MUS_g4    MUS_g6
0.001 -281250. 2.8125e11 -9.375e16
0.002 -70312.5 1.7578125e10 -1.4648438e15
0.003 -31250. 3.4722222e9 -1.2860082e14
0.004 -17578.125 1.0986328e9 -2.2888184e13
0.005 -11250. 4.5e8 -6.e12
0.006 -7812.5 2.1701389e8 -2.0093879e12
0.007 -5739.7959 1.1713869e8 -7.9686185e11
0.008 -4394.5312 6.8664551e7 -3.5762787e11
0.009 -3472.2222 4.2866941e7 -1.7640716e11
0.01 -2812.5 2.8125e7 -9.375e10
0.011 -2324.3801 1.9209754e7 -5.2919431e10
0.012 -1953.125 1.3563368e7 -3.1396685e10
0.013 -1664.2011 9.8473444e6 -1.942277e10
0.014 -1434.9489 7.3211684e6 -1.2450966e10
0.015 -1249.9999 5.5555557e6 -8.2304527e9
0.016 -1098.6327 4.2915346e6 -5.5879355e9
0.017 -973.18326 3.3674167e6 -3.8839868e9
0.018 -868.0554 2.679184e6 -2.756362e9
0.019 -779.08569 2.1581328e6 -1.9927356e9
0.02 -703.12478 1.7578127e6 -1.4648438e9
0.021 -637.75485 1.4461569e6 -1.093089e9
0.022 -581.09476 1.2006098e6 -8.2686611e8
0.023 -531.66319 1.0050352e6 -6.3329238e8
0.024 -488.28088 847710.69 -4.9057321e8
0.025 -449.99959 720000.2 -3.84e8
0.026 -416.04983 615459.22 -3.0348078e8
0.027 -385.80195 529221.7 -2.4198514e8
0.028 -358.73667 457573.23 -1.9454635e8
0.029 -334.42267 397649.81 -1.5760983e8
0.03 -312.4993 347222.45 -1.2860083e8
0.031 -292.66312 304541.22 -1.0563337e8
0.032 -274.65735 268221.14 -8.7311495e7
0.033 -258.26354 237157.69 -7.2591815e7
0.034 -243.29484 210463.78 -6.0687298e7
0.035 -229.59074 187422.16 -5.0999162e7
0.036 -217.0127 167449.25 -4.3068159e7
0.037 -205.44064 150067.41 -3.6539363e7
0.038 -194.77008 134883.56 -3.1136496e7
0.039 -184.90974 121572.42 -2.6643035e7
0.04 -175.77964 109863.56 -2.2888187e7
0.041 -167.3094 99530.992 -1.9736412e7
0.042 -159.43692 90385.079 -1.7079518e7
0.043 -152.10727 82265.973 -1.4830665e7
0.044 -145.27165 75038.394 -1.2919786e7
0.045 -138.88664 68587.404 -1.1290062e7
0.046 -132.91348 62814.99 -9.8951965e6
0.047 -127.31751 57637.271 -8.6972966e6
0.048 -122.06761 52982.216 -7.6652094e6
0.049 -117.13582 48787.774 -6.773217e6
0.05 -112.49696 45000.317 -6.000003e6
0.051 -108.12828 41573.365 -5.3278312e6
0.052 -104.00918 38466.513 -4.7418901e6
0.053 -100.12102 35644.542 -4.2297662e6
0.054 -96.446844 33076.674 -3.7810206e6
0.055 -92.971234 30735.939 -3.3868464e6
0.056 -89.680132 28598.65 -3.0397896e6
0.057 -86.560705 26643.952 -2.7335221e6
0.058 -83.601215 24853.442 -2.4626563e6
0.059 -80.790911 23210.844 -2.222592e6
0.06 -78.119929 21701.736 -2.0093906e6
0.061 -75.57921 20313.309 -1.8196712e6
0.062 -73.160416 19034.164 -1.650524e6
0.063 -70.855868 17854.141 -1.4994388e6
0.064 -68.65848 16764.163 -1.3642447e6
0.065 -66.561709 15756.11 -1.2430599e6
0.066 -64.559503 14822.702 -1.1342497e6
0.067 -62.646257 13957.403 -1.0363908e6
0.068 -60.816778 13154.336 -948241.56
0.069 -59.066244 12408.207 -868716.39
0.07 -57.390175 11714.238 -796864.4
0.071 -55.784406 11068.116 -731851.02
0.072 -54.245058 10465.934 -672942.43
0.073 -52.768516 9904.1565 -619492.22
0.074 -51.351408 9379.5724 -570929.96
0.075 -49.990584 8889.2658 -526751.42
0.076 -48.683102 8430.5837 -486510.13
0.077 -47.426208 8001.1098 -449810.15
0.078 -46.217324 7598.6401 -416299.75
0.079 -45.054034 7221.1626 -385666.04
0.08 -43.934072 6866.8379 -357630.22
0.081 -42.855313 6533.9824 -331943.54
0.082 -41.815756 6221.054 -308383.7
0.083 -40.813525 5926.6381 -286751.83
0.084 -39.846852 5649.4358 -266869.7
0.085 -38.914073 5388.2534 -248577.42
0.086 -38.01362 5141.9927 -231731.34
0.087 -37.144016 4909.6422 -216202.26
0.088 -36.303866 4690.2697 -201873.81
0.089 -35.491852 4483.0148 -188641.08
0.09 -34.706732 4287.0833 -176409.33
0.091 -33.947329 4101.7407 -165092.97
0.092 -33.21253 3926.3076 -154614.53
0.093 -32.501283 3760.1551 -144903.85
0.094 -31.812591 3602.7001 -135897.31
0.095 -31.145508 3453.402 -127537.16
0.096 -30.499138 3311.7589 -119770.92
0.097 -29.872632 3177.3046 -112550.85
0.098 -29.265181 3049.6057 -105833.5
0.099 -28.676021 2928.2589 -99579.263
0.1 -28.104422 2812.8889 -93752.001
0.101 -27.549692 2703.1457 -88318.726
0.102 -27.011172 2598.7033 -83249.286
0.103 -26.488236 2499.2574 -78516.102
0.104 -25.980287 2404.5238 -74093.924
0.105 -25.486756 2314.2371 -69959.614
0.106 -25.007101 2228.1491 -66091.956
0.107 -24.540806 2146.0277 -62471.473
0.108 -24.087378 2067.6556 -59080.276
0.109 -23.646346 1992.8292 -55901.92
0.11 -23.217261 1921.3577 -52921.274
0.111 -22.799695 1853.0623 -50124.406
0.112 -22.393237 1787.775 -47498.48
0.113 -21.997496 1725.3382 -45031.659
0.114 -21.612097 1665.6039 -42713.021
0.115 -21.236681 1608.433 -40532.48
0.116 -20.870906 1553.6944 -38480.714
0.117 -20.514443 1501.2652 -36549.106
0.118 -20.166977 1451.0293 -34729.68
0.119 -19.828206 1402.8775 -33015.052
0.12 -19.497843 1356.707 -31398.38
0.121 -19.175609 1312.4207 -29873.319
0.122 -18.861238 1269.927 -28433.985
0.123 -18.554477 1229.1397 -27074.915
0.124 -18.25508 1189.977 -25791.033
0.125 -17.962812 1152.362 -24577.624
0.126 -17.677447 1116.2219 -23430.3
0.127 -17.398769 1081.4878 -22344.98
0.128 -17.126568 1048.0944 -21317.864
0.129 -16.860646 1015.9803 -20345.412
0.13 -16.600808 985.08706 -19424.324
0.131 -16.34687 955.35935 -18551.524
0.132 -16.098652 926.74481 -17724.138
0.133 -15.855984 899.19379 -16939.487
0.134 -15.6187 872.6592 -16195.067
0.135 -15.386641 847.09637 -15488.536
0.136 -15.159654 822.46289 -14817.708
0.137 -14.93759 798.71851 -14180.536
0.138 -14.720307 775.82498 -13575.102
0.139 -14.507667 753.74597 -12999.613
0.14 -14.299539 732.44694 -12452.389
0.141 -14.095794 711.89506 -11931.854
0.142 -13.89631 692.05909 -11436.53
0.143 -13.700966 672.9093 -10965.031
0.144 -13.509649 654.41739 -10516.058
0.145 -13.322246 636.55642 -10088.388
0.146 -13.138652 619.30074 -9680.8738
0.147 -12.958762 602.62587 -9292.4371
0.148 -12.782477 586.50851 -8922.0639
0.149 -12.609699 570.92644 -8568.8007
0.15 -12.440336 555.85845 -8231.75
0.151 -12.274296 541.28433 -7910.0669
0.152 -12.111492 527.18476 -7602.9559
0.153 -11.95184 513.54131 -7309.6674
0.154 -11.795259 500.33639 -7029.4949
0.155 -11.641667 487.55319 -6761.7724
0.156 -11.49099 475.17563 -6505.8715
0.157 -11.343152 463.18836 -6261.1993
0.158 -11.198082 451.57671 -6027.1964
0.159 -11.05571 440.32662 -5803.3342
0.16 -10.915969 429.42466 -5589.1136
0.161 -10.778793 418.85798 -5384.063
0.162 -10.644118 408.61428 -5187.7363
0.163 -10.511884 398.68178 -4999.712
0.164 -10.382031 389.04918 -4819.5913
0.165 -10.2545 379.70569 -4646.9966
0.166 -10.129237 370.64094 -4481.5708
0.167 -10.006186 361.84502 -4322.9755
0.168 -9.8852942 353.3084 -4170.8902
0.169 -9.7665114 345.02195 -4025.0114
0.17 -9.6497873 336.97693 -3885.0512
0.171 -9.5350738 329.16494 -3750.7368
0.172 -9.422324 321.57791 -3621.8093
0.173 -9.3114924 314.20812 -3498.0233
0.174 -9.2025347 307.04813 -3379.1457
0.175 -9.095408 300.09081 -3264.9554
0.176 -8.9900706 293.32931 -3155.2422
0.177 -8.886482 286.75704 -3049.8067
0.178 -8.7846026 280.36768 -2948.4593
0.179 -8.6843942 274.15515 -2851.0199
0.18 -8.5858196 268.11361 -2757.3171
0.181 -8.4888424 262.23742 -2667.1881
0.182 -8.3934275 256.52118 -2580.4779
0.183 -8.2995406 250.9597 -2497.039
0.184 -8.2071483 245.54796 -2416.7313
0.185 -8.1162181 240.28114 -2339.4211
0.186 -8.0267185 235.15461 -2264.9812
0.187 -7.9386188 230.16389 -2193.2904
0.188 -7.8518889 225.3047 -2124.2333
0.189 -7.7664998 220.57288 -2057.6999
0.19 -7.6824231 215.96445 -1993.5854
0.191 -7.5996312 211.47555 -1931.7897
0.192 -7.5180971 207.10248 -1872.2175
0.193 -7.4377947 202.84166 -1814.7777
0.194 -7.3586983 198.68966 -1759.3837
0.195 -7.2807832 194.64314 -1705.9525
0.196 -7.2040249 190.6989 -1654.405
0.197 -7.1284 186.85384 -1604.6657
0.198 -7.0538853 183.10499 -1556.6624
0.199 -6.9804584 179.44947 -1510.3263
0.2 -6.9080973 175.88448 -1465.5915
0.201 -6.8367807 172.40736 -1422.3951
0.202 -6.7664878 169.01551 -1380.6768
0.203 -6.6971982 165.70642 -1340.3791
0.204 -6.6288921 162.47768 -1301.447
0.205 -6.5615501 159.32695 -1263.8279
0.206 -6.4951534 156.25197 -1227.4714
