function [] = mes_g()

WallMobGlobals;

MES_g = [ ...
% XI    MES_g3    MES_g5    MES_g7
0.001 -1.40625e8 1.125e14 -4.21875e19
0.002 -1.7578125e7 3.515625e12 -3.2958984e17
0.003 -5.2083333e6 4.6296296e11 -1.9290123e16
0.004 -2.1972656e6 1.0986328e11 -2.5749207e15
0.005 -1.125e6 3.6e10 -5.4e14
0.006 -651041.67 1.4467593e10 -1.5070409e14
0.007 -409985.42 6.6936396e9 -5.1226833e13
0.008 -274658.2 3.4332275e9 -2.0116568e13
0.009 -192901.24 1.9051974e9 -8.8203582e12
0.01 -140625. 1.125e9 -4.21875e12
0.011 -105653.65 6.9853649e8 -2.1648858e12
0.012 -81380.21 4.5211227e8 -1.1773757e12
0.013 -64007.74 3.0299521e8 -6.7232665e11
0.014 -51248.181 2.0917624e8 -4.0020964e11
0.015 -41666.67 1.4814815e8 -2.4691358e11
0.016 -34332.279 1.0728836e8 -1.5716068e11
0.017 -28623.045 7.9233331e7 -1.0281142e11
0.018 -24112.659 5.9537418e7 -6.8909049e10
0.019 -20502.265 4.5434371e7 -4.7196369e10
0.02 -17578.131 3.515625e7 -3.2958984e10
0.021 -15184.651 2.7545842e7 -2.3423335e10
0.022 -13206.712 2.1829266e7 -1.691317e10
0.023 -11557.91 1.747887e7 -1.2390503e10
0.024 -10172.534 1.4128509e7 -9.1982477e9
0.025 -9000.0085 1.152e7 -6.912e9
0.026 -8000.9764 9.4686006e6 -5.2525519e9
0.027 -7144.5 7.8403187e6 -4.0330856e9
0.028 -6406.0328 6.5367577e6 -3.1266378e9
0.029 -5765.9303 5.4848223e6 -2.4456697e9
0.03 -5208.3453 4.62963e6 -1.9290123e9
0.031 -4720.3981 3.9295615e6 -1.5333876e9
0.032 -4291.548 3.3527616e6 -1.2278179e9
0.033 -3913.1123 2.8746361e6 -9.8988835e8
0.034 -3577.8953 2.476042e6 -8.0321419e8
0.035 -3279.8994 2.141965e6 -6.5570347e8
0.036 -3014.0987 1.8605447e6 -5.3835195e8
0.037 -2776.26 1.622348e6 -4.4439762e8
0.038 -2562.8011 1.4198245e6 -3.6872163e8
0.039 -2370.6765 1.2468943e6 -3.0741959e8
0.04 -2197.2861 1.0986332e6 -2.5749207e8
0.041 -2040.401 971031.76 -2.1661913e8
0.042 -1898.1031 860808. -1.8299481e8
0.043 -1768.7356 765262.63 -1.5520461e8
0.044 -1650.8626 682165. -1.3213415e8
0.045 -1543.2353 609663.63 -1.1290059e8
0.046 -1444.7643 546215.16 -9.6800807e7
0.047 -1354.4962 490527.85 -8.3271962e7
0.048 -1271.5943 441516.39 -7.1861312e7
0.049 -1195.3225 398265.49 -6.2202988e7
0.05 -1125.0308 360000.51 -5.4000002e7
0.051 -1060.1445 326063.61 -4.7010252e7
0.052 -1000.1539 295894.29 -4.1035564e7
0.053 -944.60587 269013.48 -3.5913087e7
0.054 -893.09661 245010.5 -3.1508484e7
0.055 -845.26567 223532.23 -2.7710541e7
0.056 -800.79049 204274.23 -2.442686e7
0.057 -759.38188 186973.29 -2.1580418e7
0.058 -720.78003 171401.26 -1.9106797e7
0.059 -684.75111 157359.9 -1.6951954e7
0.06 -651.0843 144676.51 -1.5070411e7
0.061 -619.58914 133200.33 -1.3423786e7
0.062 -590.09334 122799.39 -1.1979593e7
0.063 -562.44073 113357.98 -1.0710261e7
0.064 -536.48957 104774.41 -9.5923292e6
0.065 -512.11099 96959.09 -8.6057833e6
0.066 -489.18765 89832.998 -7.7335049e6
0.067 -467.61259 83326.248 -6.9608185e6
0.068 -447.28813 77376.944 -6.275113e6
0.069 -428.12494 71930.155 -5.6655271e6
0.07 -410.04128 66937.052 -5.1226855e6
0.071 -392.96219 62354.155 -4.6384785e6
0.072 -376.81888 58142.68 -4.2058767e6
0.073 -361.54813 54267.977 -3.8187745e6
0.074 -347.09178 50699.044 -3.4718585e6
0.075 -333.39627 47408.096 -3.1604959e6
0.076 -320.4122 44370.197 -2.8806398e6
0.077 -308.09396 41562.936 -2.6287486e6
0.078 -296.39944 38966.14 -2.4017176e6
0.079 -285.28965 36561.629 -2.1968204e6
0.08 -274.7285 34332.994 -2.0116588e6
0.081 -264.68255 32265.41 -1.8441198e6
0.082 -255.12076 30345.46 -1.6923389e6
0.083 -246.01432 28560.99 -1.5546682e6
0.084 -237.33646 26900.978 -1.4296489e6
0.085 -229.06225 25355.414 -1.3159881e6
0.086 -221.1685 23915.197 -1.212538e6
0.087 -213.6336 22572.043 -1.118278e6
0.088 -206.43739 21318.407 -1.0323e6
0.089 -199.56106 20147.404 -953794.13
0.09 -192.98703 19052.75 -882037.8
0.091 -186.69888 18028.699 -816385.14
0.092 -180.68123 17069.995 -756258.24
0.093 -174.91972 16171.826 -701139.37
0.094 -169.40084 15329.777 -650564.12
0.095 -164.11198 14539.801 -604115.45
0.096 -159.04126 13798.179 -561418.4
0.097 -154.17758 13101.493 -522135.52
0.098 -149.51046 12446.599 -485962.73
0.099 -145.03009 11830.6 -452625.74
0.1 -140.72722 11250.828 -421876.89
0.101 -136.59315 10704.822 -393492.31
0.102 -132.61969 10190.31 -367269.45
0.103 -128.79911 9705.192 -343024.84
0.104 -125.12414 9247.5281 -320592.18
0.105 -121.58791 8815.5223 -299820.53
0.106 -118.18394 8407.5122 -280572.81
0.107 -114.9061 8021.9571 -262724.38
0.108 -111.74862 7657.4283 -246161.84
0.109 -108.70601 7312.6001 -230781.89
0.11 -105.77311 6986.2416 -216490.39
0.111 -102.94502 6677.2088 -203201.45
0.112 -100.2171 6384.4381 -190836.62
0.113 -97.584964 6106.9399 -179324.25
0.114 -95.044442 5843.7926 -168598.78
0.115 -92.591586 5594.1379 -158600.21
0.116 -90.222652 5357.1756 -149273.6
0.117 -87.934084 5132.159 -140568.56
0.118 -85.722505 4918.3917 -132438.88
0.119 -83.584708 4715.2228 -124842.12
0.12 -81.517644 4522.0445 -117739.31
0.121 -79.518416 4338.2881 -111094.61
0.122 -77.584265 4163.422 -104875.04
0.123 -75.712569 3996.9484 -99050.247
0.124 -73.900829 3838.401 -93592.265
0.125 -72.146666 3687.3432 -88475.31
0.126 -70.447814 3543.3653 -83675.597
0.127 -68.802113 3406.0833 -79171.169
0.128 -67.207502 3275.1366 -74941.746
0.129 -65.662018 3150.1869 -70968.584
0.13 -64.163785 3030.916 -67234.345
0.131 -62.711013 2917.0253 -63722.988
0.132 -61.301995 2808.2336 -60419.659
0.133 -59.935097 2704.2766 -57310.594
0.134 -58.608759 2604.9055 -54383.035
0.135 -57.321492 2509.886 -51625.148
0.136 -56.071868 2418.9974 -49025.95
0.137 -54.858525 2332.0318 -46575.243
0.138 -53.680158 2248.7929 -44263.55
0.139 -52.535517 2169.0959 -42082.063
0.14 -51.423407 2092.7661 -40022.589
0.141 -50.342682 2019.6387 -38077.505
0.142 -49.292246 1949.558 -36239.712
0.143 -48.271047 1882.3771 -34502.598
0.144 -47.278076 1817.9568 -32860.
0.145 -46.312368 1756.1658 -31306.173
0.146 -45.372995 1696.8797 -29835.755
0.147 -44.459068 1639.9809 -28443.743
0.148 -43.569732 1585.3579 -27125.464
0.149 -42.704169 1532.9052 -25876.555
0.15 -41.861591 1482.523 -24692.935
0.151 -41.041242 1434.1164 -23570.79
0.152 -40.242396 1387.5958 -22506.55
0.153 -39.464356 1342.8759 -21496.877
0.154 -38.706449 1299.876 -20538.642
0.155 -37.968031 1258.5193 -19628.916
0.156 -37.248482 1218.7332 -18764.954
0.157 -36.547203 1180.4483 -17944.182
0.158 -35.863622 1143.5992 -17164.186
0.159 -35.197185 1108.1233 -16422.702
0.16 -34.547359 1073.9613 -15717.603
0.161 -33.913632 1041.0568 -15046.893
0.162 -33.295511 1009.3562 -14408.697
0.163 -32.692519 978.80828 -13801.252
0.164 -32.104199 949.36456 -13222.901
0.165 -31.530108 920.97873 -12672.086
0.166 -30.969821 893.60671 -12147.341
0.167 -30.422927 867.2065 -11647.285
0.168 -29.88903 841.73811 -11170.621
0.169 -29.367747 817.16338 -10716.123
0.17 -28.85871 793.44596 -10282.639
0.171 -28.361563 770.55115 -9869.082
0.172 -27.875962 748.44586 -9474.4277
0.173 -27.401576 727.09852 -9097.7094
0.174 -26.938085 706.47899 -8738.0154
0.175 -26.485179 686.55848 -8394.485
0.176 -26.042558 667.3095 -8066.3055
0.177 -25.609935 648.7058 -7752.7097
0.178 -25.18703 630.72229 -7452.9724
0.179 -24.773574 613.33498 -7166.4085
0.18 -24.369304 596.52094 -6892.3702
0.181 -23.97397 580.25825 -6630.2448
0.182 -23.587326 564.52593 -6379.4531
0.183 -23.209138 549.30391 -6139.4465
0.184 -22.839176 534.57301 -5909.7062
0.185 -22.47722 520.31482 -5689.7408
0.186 -22.123055 506.51175 -5479.0848
0.187 -21.776474 493.14695 -5277.2973
0.188 -21.437277 480.20428 -5083.9606
0.189 -21.10527 467.66825 -4898.6784
0.19 -20.780264 455.52405 -4721.0754
0.191 -20.462077 443.75747 -4550.7952
0.192 -20.150533 432.35489 -4387.5001
0.193 -19.845461 421.30323 -4230.8691
0.194 -19.546694 410.58997 -4080.5981
0.195 -19.254072 400.20308 -3936.3978
0.196 -18.967439 390.13103 -3797.9938
0.197 -18.686644 380.36274 -3665.1253
0.198 -18.411541 370.88758 -3537.5445
0.199 -18.141986 361.69534 -3415.0157
0.2 -17.877842 352.77623 -3297.3152
0.201 -17.618976 344.12082 -3184.2298
0.202 -17.365257 335.72007 -3075.5569
0.203 -17.11656 327.56527 -2971.1039
0.204 -16.872761 319.64809 -2870.6873
