function [] = mes_f()

WallMobGlobals;

MES_f = [...
% XI    MES_f3    MES_f5    MES_f7
0.001 -4.6875e7 1.125e14 -4.21875e19
0.002 -5.859375e6 3.515625e12 -3.2958984e17
0.003 -1.7361111e6 4.6296296e11 -1.9290123e16
0.004 -732421.88 1.0986328e11 -2.5749207e15
0.005 -375000. 3.6e10 -5.4e14
0.006 -217013.89 1.4467593e10 -1.5070409e14
0.007 -136661.81 6.6936396e9 -5.1226833e13
0.008 -91552.735 3.4332275e9 -2.0116568e13
0.009 -64300.413 1.9051974e9 -8.8203582e12
0.01 -46875.001 1.125e9 -4.21875e12
0.011 -35217.883 6.9853649e8 -2.1648858e12
0.012 -27126.738 4.5211227e8 -1.1773757e12
0.013 -21335.915 3.0299521e8 -6.7232665e11
0.014 -17082.729 2.0917624e8 -4.0020964e11
0.015 -13888.892 1.4814815e8 -2.4691358e11
0.016 -11444.095 1.0728836e8 -1.5716068e11
0.017 -9541.0174 7.9233331e7 -1.0281142e11
0.018 -8037.5556 5.9537418e7 -6.8909049e10
0.019 -6834.0912 4.5434371e7 -4.7196369e10
0.02 -5859.3801 3.515625e7 -3.2958984e10
0.021 -5061.554 2.7545842e7 -2.3423335e10
0.022 -4402.2413 2.1829266e7 -1.691317e10
0.023 -3852.6408 1.747887e7 -1.2390503e10
0.024 -3390.8492 1.4128509e7 -9.1982477e9
0.025 -3000.0078 1.152e7 -6.912e9
0.026 -2666.9975 9.4686006e6 -5.2525519e9
0.027 -2381.5057 7.8403187e6 -4.0330856e9
0.028 -2135.3504 6.5367577e6 -3.1266378e9
0.029 -1921.9833 5.4848223e6 -2.4456697e9
0.03 -1736.1221 4.62963e6 -1.9290123e9
0.031 -1573.4734 3.9295615e6 -1.5333876e9
0.032 -1430.5238 3.3527616e6 -1.2278179e9
0.033 -1304.379 2.8746361e6 -9.8988835e8
0.034 -1192.6405 2.476042e6 -8.0321419e8
0.035 -1093.309 2.141965e6 -6.5570347e8
0.036 -1004.7093 1.8605447e6 -5.3835195e8
0.037 -925.43024 1.622348e6 -4.4439762e8
0.038 -854.27778 1.4198245e6 -3.6872163e8
0.039 -790.23677 1.2468943e6 -3.0741959e8
0.04 -732.4405 1.0986332e6 -2.5749207e8
0.041 -680.146 971031.76 -2.1661913e8
0.042 -632.7139 860808. -1.8299481e8
0.043 -589.59196 765262.63 -1.5520461e8
0.044 -550.30153 682165. -1.3213415e8
0.045 -514.42634 609663.63 -1.1290059e8
0.046 -481.60325 546215.16 -9.6800807e7
0.047 -451.51448 490527.85 -8.3271962e7
0.048 -423.88114 441516.39 -7.1861312e7
0.049 -398.45778 398265.49 -6.2202988e7
0.05 -375.02784 360000.51 -5.4000002e7
0.051 -353.39972 326063.61 -4.7010252e7
0.052 -333.40349 295894.29 -4.1035564e7
0.053 -314.88811 269013.48 -3.5913087e7
0.054 -297.71901 245010.5 -3.1508484e7
0.055 -281.77601 223532.23 -2.7710541e7
0.056 -266.95162 204274.23 -2.442686e7
0.057 -253.14942 186973.29 -2.1580418e7
0.058 -240.28281 171401.26 -1.9106797e7
0.059 -228.27386 157359.9 -1.6951954e7
0.06 -217.05228 144676.51 -1.5070411e7
0.061 -206.5546 133200.33 -1.3423786e7
0.062 -196.72337 122799.39 -1.1979593e7
0.063 -187.50654 113357.98 -1.0710261e7
0.064 -178.85687 104774.41 -9.5923292e6
0.065 -170.7314 96959.09 -8.6057833e6
0.066 -163.09102 89832.998 -7.7335049e6
0.067 -155.90007 83326.248 -6.9608185e6
0.068 -149.12599 77376.944 -6.275113e6
0.069 -142.73901 71930.155 -5.6655271e6
0.07 -136.71188 66937.052 -5.1226855e6
0.071 -131.01961 62354.155 -4.6384785e6
0.072 -125.63927 58142.68 -4.2058767e6
0.073 -120.54979 54267.977 -3.8187745e6
0.074 -115.73179 50699.044 -3.4718585e6
0.075 -111.16739 47408.096 -3.1604959e6
0.076 -106.84016 44370.197 -2.8806398e6
0.077 -102.73487 41562.936 -2.6287486e6
0.078 -98.837489 38966.14 -2.4017176e6
0.079 -95.135025 36561.629 -2.1968204e6
0.08 -91.615447 34332.994 -2.0116588e6
0.081 -88.267605 32265.41 -1.8441198e6
0.082 -85.081156 30345.46 -1.6923389e6
0.083 -82.046495 28560.99 -1.5546682e6
0.084 -79.154695 26900.978 -1.4296489e6
0.085 -76.397451 25355.414 -1.3159881e6
0.086 -73.767032 23915.197 -1.212538e6
0.087 -71.256232 22572.043 -1.118278e6
0.088 -68.858333 21318.407 -1.0323e6
0.089 -66.567064 20147.404 -953794.13
0.09 -64.376566 19052.75 -882037.8
0.091 -62.281364 18028.699 -816385.14
0.092 -60.276336 17069.995 -756258.24
0.093 -58.356686 16171.826 -701139.37
0.094 -56.51792 15329.777 -650564.12
0.095 -54.755827 14539.801 -604115.45
0.096 -53.066455 13798.179 -561418.4
0.097 -51.446095 13101.493 -522135.52
0.098 -49.891261 12446.599 -485962.73
0.099 -48.398679 11830.6 -452625.74
0.1 -46.965265 11250.828 -421876.89
0.101 -45.588122 10704.822 -393492.31
0.102 -44.264517 10190.31 -367269.45
0.103 -42.991876 9705.192 -343024.84
0.104 -41.767774 9247.5281 -320592.18
0.105 -40.589921 8815.5223 -299820.53
0.106 -39.456157 8407.5122 -280572.81
0.107 -38.36444 8021.9571 -262724.38
0.108 -37.312842 7657.4283 -246161.84
0.109 -36.299539 7312.6001 -230781.89
0.11 -35.322808 6986.2416 -216490.39
0.111 -34.381015 6677.2088 -203201.45
0.112 -33.472614 6384.4381 -190836.62
0.113 -32.596143 6106.9399 -179324.25
0.114 -31.750211 5843.7926 -168598.78
0.115 -30.933504 5594.1379 -158600.21
0.116 -30.144772 5357.1756 -149273.6
0.117 -29.38283 5132.159 -140568.56
0.118 -28.646553 4918.3917 -132438.88
0.119 -27.934872 4715.2228 -124842.12
0.12 -27.24677 4522.0445 -117739.31
0.121 -26.581281 4338.2881 -111094.61
0.122 -25.937486 4163.422 -104875.04
0.123 -25.31451 3996.9484 -99050.247
0.124 -24.711521 3838.401 -93592.265
0.125 -24.127726 3687.3432 -88475.31
0.126 -23.562369 3543.3653 -83675.597
0.127 -23.014729 3406.0833 -79171.169
0.128 -22.484121 3275.1366 -74941.746
0.129 -21.969889 3150.1869 -70968.584
0.13 -21.471409 3030.916 -67234.345
0.131 -20.988083 2917.0253 -63722.988
0.132 -20.519343 2808.2336 -60419.659
0.133 -20.064643 2704.2766 -57310.594
0.134 -19.623464 2604.9055 -54383.035
0.135 -19.195309 2509.886 -51625.148
0.136 -18.779703 2418.9974 -49025.95
0.137 -18.376191 2332.0318 -46575.243
0.138 -17.984338 2248.7929 -44263.55
0.139 -17.603727 2169.0959 -42082.063
0.14 -17.23396 2092.7661 -40022.589
0.141 -16.874656 2019.6387 -38077.505
0.142 -16.525448 1949.558 -36239.712
0.143 -16.185986 1882.3771 -34502.598
0.144 -15.855934 1817.9568 -32860.
0.145 -15.534969 1756.1658 -31306.173
0.146 -15.222783 1696.8797 -29835.755
0.147 -14.919079 1639.9809 -28443.743
0.148 -14.623572 1585.3579 -27125.464
0.149 -14.335989 1532.9052 -25876.555
0.15 -14.056068 1482.523 -24692.935
0.151 -13.783556 1434.1164 -23570.79
0.152 -13.518213 1387.5958 -22506.55
0.153 -13.259804 1342.8759 -21496.877
0.154 -13.008106 1299.876 -20538.642
0.155 -12.762904 1258.5193 -19628.916
0.156 -12.523991 1218.7332 -18764.954
0.157 -12.291168 1180.4483 -17944.182
0.158 -12.064244 1143.5992 -17164.186
0.159 -11.843034 1108.1233 -16422.702
0.16 -11.627361 1073.9613 -15717.603
0.161 -11.417054 1041.0568 -15046.893
0.162 -11.211948 1009.3562 -14408.697
0.163 -11.011885 978.80828 -13801.252
0.164 -10.816712 949.36456 -13222.901
0.165 -10.626281 920.97873 -12672.086
0.166 -10.44045 893.60671 -12147.341
0.167 -10.259084 867.2065 -11647.285
0.168 -10.082049 841.73811 -11170.621
0.169 -9.9092176 817.16338 -10716.123
0.17 -9.7404677 793.44596 -10282.639
0.171 -9.5756803 770.55115 -9869.082
0.172 -9.4147409 748.44586 -9474.4277
0.173 -9.2575388 727.09852 -9097.7094
0.174 -9.1039672 706.47899 -8738.0154
0.175 -8.9539231 686.55848 -8394.485
0.176 -8.8073066 667.3095 -8066.3055
0.177 -8.6640216 648.7058 -7752.7097
0.178 -8.5239749 630.72229 -7452.9724
0.179 -8.3870765 613.33498 -7166.4085
0.18 -8.2532395 596.52094 -6892.3702
0.181 -8.1223797 580.25825 -6630.2448
0.182 -7.9944157 564.52593 -6379.4531
0.183 -7.8692688 549.30391 -6139.4465
0.184 -7.7468629 534.57301 -5909.7062
0.185 -7.6271242 520.31482 -5689.7408
0.186 -7.5099814 506.51175 -5479.0848
0.187 -7.3953654 493.14695 -5277.2973
0.188 -7.2832094 480.20428 -5083.9606
0.189 -7.1734485 467.66825 -4898.6784
0.19 -7.0660201 455.52405 -4721.0754
0.191 -6.9608633 443.75747 -4550.7952
0.192 -6.8579193 432.35489 -4387.5001
0.193 -6.7571311 421.30323 -4230.8691
0.194 -6.6584432 410.58997 -4080.5981
0.195 -6.5618021 400.20308 -3936.3978
0.196 -6.4671559 390.13103 -3797.9938
0.197 -6.3744541 380.36274 -3665.1253
0.198 -6.2836477 370.88758 -3537.5445
0.199 -6.1946895 361.69534 -3415.0157
0.2 -6.1075334 352.77623 -3297.3152
0.201 -6.0221347 344.12082 -3184.2298
0.202 -5.9384501 335.72007 -3075.5569
0.203 -5.8564376 327.56527 -2971.1039
0.204 -5.7760564 319.64809 -2870.6873
