function [] = mol_fg()

WallMobGlobals;

MOL_fg = [ ...
% XI    MOL_f3    MOL_f5
0.001 2.34375e8 9.375e7
0.002 2.9296878e7 1.171875e7
0.003 8.6805583e6 3.4722222e6
0.004 3.6621121e6 1.4648438e6
0.005 1.8750027e6 750000.
0.006 1.0850721e6 434027.78
0.007 683311.72 273323.62
0.008 457766.34 183105.47
0.009 321504.71 128600.82
0.01 234377.64 93750.
0.011 176092.03 70435.763
0.012 135636.28 54253.472
0.013 106682.15 42671.825
0.014 85416.202 34165.452
0.015 69447.001 27777.778
0.016 57223. 22888.184
0.017 47707.594 19082.028
0.018 40190.267 16075.103
0.019 34172.928 13668.174
0.02 29299.355 11718.75
0.021 25310.207 10123.097
0.022 22013.625 8804.4709
0.023 19265.605 7705.269
0.024 16956.63 6781.6847
0.025 15002.405 6000.0007
0.026 13337.336 5333.9789
0.027 11909.859 4762.9943
0.028 10679.065 4270.6824
0.029 9612.2116 3843.947
0.03 8682.8877 3472.2233
0.031 7869.6268 3146.9247
0.032 7154.861 2861.0241
0.033 6524.1194 2608.7332
0.034 5965.409 2385.2548
0.035 5468.7338 2186.5904
0.036 5025.7172 2009.3894
0.037 4629.3042 1850.8298
0.038 4273.5241 1708.5233
0.039 3953.3012 1580.4398
0.04 3664.3021 1464.8456
0.041 3402.8118 1360.255
0.042 3165.6335 1265.3892
0.043 2950.006 1179.1436
0.044 2753.536 1100.5611
0.045 2574.1423 1028.809
0.046 2410.009 963.16102
0.047 2259.5473 902.9817
0.048 2121.3628 847.71321
0.049 1994.2282 796.86467
0.05 1877.0607 750.00293
0.051 1768.9023 706.7448
0.052 1668.9034 666.75044
0.053 1576.3087 629.71776
0.054 1490.4454 595.37761
0.055 1410.7127 563.48966
0.056 1336.573 533.83887
0.057 1267.5442 506.23246
0.058 1203.1935 480.49721
0.059 1143.131 456.47725
0.06 1087.0054 434.03201
0.061 1034.4992 413.03455
0.062 985.32541 393.36997
0.063 939.22362 374.93419
0.064 895.95761 357.63269
0.065 855.3126 341.37958
0.066 817.09307 326.09663
0.067 781.1207 311.71252
0.068 747.23269 298.16213
0.069 715.2802 285.38593
0.07 685.12696 273.3294
0.071 656.64805 261.94258
0.072 629.72882 251.17961
0.073 604.2639 240.99834
0.074 580.15636 231.36
0.075 557.31693 222.22887
0.076 535.66327 213.57204
0.077 515.11939 205.35909
0.078 495.61507 197.56195
0.079 477.08534 190.15462
0.08 459.47007 183.11305
0.081 442.7135 176.41494
0.082 426.76392 170.0396
0.083 411.5733 163.96783
0.084 397.09701 158.18176
0.085 383.29352 152.6648
0.086 370.12418 147.40147
0.087 357.55296 142.37737
0.088 345.54628 137.57906
0.089 334.07276 132.99399
0.09 323.10313 128.61046
0.091 312.61 124.41751
0.092 302.56777 120.4049
0.093 292.95245 116.56303
0.094 283.74158 112.88292
0.095 274.91411 109.35615
0.096 266.45026 105.97481
0.097 258.33151 102.73148
0.098 250.54041 99.619201
0.099 243.0606 96.631413
0.1 235.87666 93.761954
0.101 228.97411 91.005027
0.102 222.33927 88.355169
0.103 215.95929 85.807232
0.104 209.82203 83.356365
0.105 203.91604 80.997988
0.106 198.23053 78.727781
0.107 192.75529 76.541661
0.108 187.48067 74.435774
0.109 182.39756 72.40647
0.11 177.49734 70.450302
0.111 172.77185 68.564006
0.112 168.21335 66.744488
0.113 163.81452 64.988822
0.114 159.56843 63.294231
0.115 155.4685 61.658083
0.116 151.50847 60.077881
0.117 147.68243 58.551254
0.118 143.98475 57.075952
0.119 140.41008 55.649836
0.12 136.95334 54.270875
0.121 133.6097 52.937135
0.122 130.37457 51.64678
0.123 127.24357 50.398059
0.124 124.21253 49.189308
0.125 121.2775 48.01894
0.126 118.4347 46.885446
0.127 115.68052 45.787384
0.128 113.01154 44.723381
0.129 110.42447 43.692129
0.13 107.9162 42.692376
0.131 105.48373 41.72293
0.132 103.12423 40.782652
0.133 100.83497 39.870454
0.134 98.613353 38.985295
0.135 96.456893 38.126183
0.136 94.363213 37.292165
0.137 92.330041 36.482335
0.138 90.355203 35.69582
0.139 88.436615 34.93179
0.14 86.572286 34.189447
0.141 84.760307 33.468026
0.142 82.998848 32.766798
0.143 81.286158 32.085061
0.144 79.620555 31.422143
0.145 78.00043 30.777399
0.146 76.424237 30.150212
0.147 74.890492 29.539989
0.148 73.397774 28.94616
0.149 71.944716 28.36818
0.15 70.530006 27.805523
0.151 69.152385 27.257686
0.152 67.810642 26.724184
0.153 66.503612 26.204552
0.154 65.230179 25.698343
0.155 63.989267 25.205128
0.156 62.77984 24.724491
0.157 61.600905 24.256035
0.158 60.451504 23.799378
0.159 59.330714 23.35415
0.16 58.23765 22.919998
0.161 57.171456 22.496578
0.162 56.13131 22.083563
0.163 55.116419 21.680635
0.164 54.126018 21.287488
0.165 53.159371 20.903828
0.166 52.215769 20.529371
0.167 51.294527 20.163843
0.168 50.394984 19.806981
0.169 49.516503 19.458529
0.17 48.658471 19.118242
0.171 47.820292 18.785883
0.172 47.001396 18.461221
0.173 46.201229 18.144038
0.174 45.419257 17.834118
0.175 44.654964 17.531255
0.176 43.907853 17.235252
0.177 43.177441 16.945914
0.178 42.463263 16.663055
0.179 41.764869 16.386497
0.18 41.081825 16.116065
0.181 40.41371 15.85159
0.182 39.760118 15.592911
0.183 39.120653 15.339869
0.184 38.494937 15.092313
0.185 37.882599 14.850095
0.186 37.283285 14.613073
0.187 36.696647 14.381109
0.188 36.122353 14.154068
0.189 35.560078 13.931821
0.19 35.009508 13.714244
0.191 34.470341 13.501214
0.192 33.94228 13.292614
0.193 33.425042 13.08833
0.194 32.91835 12.888251
0.195 32.421935 12.69227
0.196 31.935538 12.500283
0.197 31.458906 12.31219
0.198 30.991796 12.127893
0.199 30.533971 11.947296
0.2 30.085199 11.770309
0.201 29.645259 11.596841
0.202 29.213934 11.426807
0.203 28.791012 11.260122
0.204 28.376292 11.096704
0.205 27.969573 10.936475
0.206 27.570664 10.779358
0.207 27.179379 10.625277
0.208 26.795534 10.474161
0.209 26.418956 10.325939
0.21 26.049471 10.180542
0.211 25.686914 10.037904
0.212 25.331123 9.8979606
0.213 24.98194 9.7606485
0.214 24.639214 9.6259067
0.215 24.302795 9.4936759
0.216 23.972539 9.3638983
0.217 23.648305 9.2365179
0.218 23.329957 9.11148
0.219 23.017362 8.9887316
0.22 22.710391 8.8682208
0.221 22.408917 8.7498975
0.222 22.112819 8.6337127
0.223 21.821977 8.5196188
0.224 21.536275 8.4075695
0.225 21.255601 8.2975197
0.226 20.979844 8.1894254
0.227 20.708898 8.0832439
0.228 20.442658 7.9789335
0.229 20.181023 7.8764538
0.23 19.923893 7.7757651
0.231 19.671173 7.6768291
0.232 19.42277 7.5796082
0.233 19.17859 7.484066
0.234 18.938546 7.3901667
0.235 18.702551 7.2978758
0.236 18.470519 7.2071595
0.237 18.242369 7.1179847
0.238 18.01802 7.0303195
0.239 17.797393 6.9441323
0.24 17.580413 6.8593928
0.241 17.367004 6.7760711
0.242 17.157094 6.6941382
0.243 16.950613 6.6135658
0.244 16.74749 6.5343262
0.245 16.547658 6.4563924
0.246 16.351052 6.3797383
0.247 16.157607 6.304338
0.248 15.967261 6.2301666
0.249 15.779952 6.1571995
0.25 15.595621 6.0854131
0.251 15.414208 6.0147839
0.252 15.235659 5.9452892
0.253 15.059915 5.8769068
0.254 14.886925 5.8096151
0.255 14.716634 5.7433928
0.256 14.54899 5.6782194
0.257 14.383944 5.6140746
0.258 14.221445 5.5509386
0.259 14.061446 5.4887924
0.26 13.903899 5.4276169
0.261 13.748758 5.3673938
0.262 13.595979 5.3081052
0.263 13.445517 5.2497335
0.264 13.297329 5.1922615
0.265 13.151373 5.1356725
0.266 13.007609 5.0799501
0.267 12.865996 5.0250782
0.268 12.726494 4.9710412
0.269 12.589066 4.9178237
0.27 12.453674 4.8654108
0.271 12.320282 4.8137879
0.272 12.188852 4.7629405
0.273 12.059351 4.7128548
0.274 11.931743 4.6635169
0.275 11.805996 4.6149136
0.276 11.682077 4.5670316
0.277 11.559952 4.5198582
0.278 11.439592 4.4733807
0.279 11.320964 4.4275871
0.28 11.20404 4.3824651
0.281 11.088789 4.338003
0.282 10.975182 4.2941894
0.283 10.863192 4.251013
0.284 10.752791 4.2084627
0.285 10.643951 4.1665277
0.286 10.536647 4.1251976
0.287 10.430852 4.0844618
0.288 10.326541 4.0443104
0.289 10.223688 4.0047333
0.29 10.122271 3.965721
0.291 10.022264 3.9272638
0.292 9.9236444 3.8893524
0.293 9.8263895 3.8519777
0.294 9.7304767 3.8151308
0.295 9.6358841 3.778803
0.296 9.5425901 3.7429856
0.297 9.4505737 3.7076702
0.298 9.3598142 3.6728486
0.299 9.2702914 3.6385128
0.3 9.1819854 3.6046548
0.301 9.0948769 3.5712669
0.302 9.0089468 3.5383414
0.303 8.9241763 3.505871
0.304 8.8405473 3.4738484
0.305 8.7580417 3.4422664
0.306 8.6766421 3.411118
0.307 8.5963311 3.3803963
0.308 8.5170918 3.3500946
