function [] = mos_f()

WallMobGlobals;

MOS_f = [ ...
% XI    MOS_f3     MOS_f5
0.001 -1.40625e8 1.125e14
0.002 -1.7578122e7 3.515625e12
0.003 -5.2083306e6 4.6296296e11
0.004 -2.1972629e6 1.0986328e11
0.005 -1.1249973e6 3.6e10
0.006 -651038.97 1.4467593e10
0.007 -409982.74 6.6936396e9
0.008 -274655.53 3.4332275e9
0.009 -192898.58 1.9051974e9
0.01 -140622.36 1.125e9
0.011 -105651.02 6.9853649e8
0.012 -81377.603 4.5211227e8
0.013 -64005.148 3.0299521e8
0.014 -51245.603 2.0917624e8
0.015 -41664.107 1.4814815e8
0.016 -34329.731 1.0728836e8
0.017 -28620.512 7.9233334e7
0.018 -24110.14 5.9537421e7
0.019 -20499.76 4.5434373e7
0.02 -17575.64 3.5156252e7
0.021 -15182.175 2.7545844e7
0.022 -13204.25 2.1829268e7
0.023 -11555.461 1.7478872e7
0.024 -10170.099 1.4128511e7
0.025 -8997.5873 1.1520002e7
0.026 -7998.5687 9.4686026e6
0.027 -7142.1056 7.8403207e6
0.028 -6403.6516 6.5367596e6
0.029 -5763.5623 5.4848242e6
0.03 -5205.9903 4.6296318e6
0.031 -4718.0559 3.9295634e6
0.032 -4289.2185 3.3527634e6
0.033 -3910.7955 2.8746379e6
0.034 -3575.591 2.4760437e6
0.035 -3277.6075 2.1419668e6
0.036 -3011.8191 1.8605464e6
0.037 -2773.9927 1.6223496e6
0.038 -2560.5459 1.4198261e6
0.039 -2368.4332 1.2468959e6
0.04 -2195.0547 1.0986348e6
0.041 -2038.1814 971033.31
0.042 -1895.8951 860809.52
0.043 -1766.5392 765264.12
0.044 -1648.6777 682166.47
0.045 -1541.0617 609665.07
0.046 -1442.602 546216.57
0.047 -1352.345 490529.23
0.048 -1269.4543 441517.74
0.049 -1193.1933 398266.82
0.05 -1122.9125 360001.82
0.051 -1058.0371 326064.89
0.052 -998.05716 295895.54
0.053 -942.51968 269014.71
0.054 -891.02092 245011.7
0.055 -843.20038 223533.41
0.056 -798.73551 204275.38
0.057 -757.33712 186974.42
0.058 -718.7454 171402.37
0.059 -682.72652 157360.98
0.06 -649.06966 144677.57
0.061 -617.58437 133201.36
0.062 -588.09835 122800.4
0.063 -560.45544 113358.97
0.064 -534.51388 104775.37
0.065 -510.14483 96960.032
0.066 -487.23094 89833.917
0.067 -465.66523 83327.145
0.068 -445.35004 77377.818
0.069 -426.19606 71931.007
0.07 -408.12151 66937.883
0.071 -391.05145 62354.964
0.072 -374.9171 58143.467
0.073 -359.65523 54268.743
0.074 -345.20768 50699.789
0.075 -331.52089 47408.82
0.076 -318.54546 44370.901
0.077 -306.2358 41563.619
0.078 -294.54978 38966.802
0.079 -283.44841 36562.271
0.08 -272.89561 34333.616
0.081 -262.85793 32266.012
0.082 -253.30435 30346.042
0.083 -244.20605 28561.553
0.084 -235.53624 26901.521
0.085 -227.27002 25355.938
0.086 -219.3842 23915.701
0.087 -211.85715 22572.528
0.088 -204.66872 21318.873
0.089 -197.80011 20147.852
0.09 -191.23373 19053.179
0.091 -184.95316 18029.11
0.092 -178.94303 17070.388
0.093 -173.18897 16172.2
0.094 -167.67748 15330.134
0.095 -162.39593 14540.14
0.096 -157.33248 13798.5
0.097 -152.47599 13101.797
0.098 -147.81601 12446.885
0.099 -143.34271 11830.869
0.1 -139.04684 11251.08
0.101 -134.91972 10705.057
0.102 -130.95314 10190.528
0.103 -127.13939 9705.3934
0.104 -123.47119 9247.7128
0.105 -119.94167 8815.6907
0.106 -116.54435 8407.6643
0.107 -113.27311 8022.093
0.108 -110.12216 7657.5481
0.109 -107.08603 7312.704
0.11 -104.15956 6986.3297
0.111 -101.33784 6677.2813
0.112 -98.61623 6384.495
0.113 -95.990349 6106.9814
0.114 -93.456029 5843.8188
0.115 -91.009323 5594.149
0.116 -88.646484 5357.1715
0.117 -86.363959 5132.1401
0.118 -84.15837 4918.3579
0.119 -82.026511 4715.1744
0.12 -79.965335 4521.9814
0.121 -77.971942 4338.2106
0.122 -76.043576 4163.3302
0.123 -74.177615 3996.8423
0.124 -72.37156 3838.2809
0.125 -70.623033 3687.209
0.126 -68.929768 3543.2172
0.127 -67.289605 3405.9214
0.128 -65.700485 3274.9611
0.129 -64.160443 3149.9977
0.13 -62.667605 3030.7134
0.131 -61.220183 2916.8093
0.132 -59.816466 2808.0043
0.133 -58.454825 2704.0342
0.134 -57.133698 2604.65
0.135 -55.851596 2509.6176
0.136 -54.607094 2418.7162
0.137 -53.398827 2331.7378
0.138 -52.225492 2248.4863
0.139 -51.085839 2168.7767
0.14 -49.978675 2092.4344
0.141 -48.902853 2019.2946
0.142 -47.857277 1949.2017
0.143 -46.840895 1882.0086
0.144 -45.852701 1817.5763
0.145 -44.891727 1755.7733
0.146 -43.957047 1696.4754
0.147 -43.047773 1639.5647
0.148 -42.16305 1584.93
0.149 -41.302059 1532.4657
0.15 -40.464013 1482.072
0.151 -39.648158 1433.654
0.152 -38.853767 1387.122
0.153 -38.080142 1342.3909
0.154 -37.326613 1299.3798
0.155 -36.592534 1258.012
0.156 -35.877287 1218.2149
0.157 -35.180273 1179.9191
0.158 -34.500919 1143.0591
0.159 -33.838672 1107.5725
0.16 -33.193001 1073.3999
0.161 -32.563392 1040.4848
0.162 -31.949354 1008.7737
0.163 -31.350409 978.21535
0.164 -30.766101 948.7613
0.165 -30.195987 920.36521
0.166 -29.639642 892.983
0.167 -29.096656 866.5727
0.168 -28.566633 841.09428
0.169 -28.049191 816.5096
0.17 -27.543961 792.78231
0.171 -27.050588 769.8777
0.172 -26.568728 747.76269
0.173 -26.098051 726.40571
0.174 -25.638236 705.7766
0.175 -25.188974 685.84658
0.176 -24.749967 666.58818
0.177 -24.320925 647.97512
0.178 -23.90157 629.98232
0.179 -23.491632 612.5858
0.18 -23.090852 595.76261
0.181 -22.698975 579.49084
0.182 -22.31576 563.74952
0.183 -21.94097 548.51857
0.184 -21.574376 533.77879
0.185 -21.215759 519.5118
0.186 -20.864904 505.69999
0.187 -20.521605 492.32652
0.188 -20.18566 479.37524
0.189 -19.856877 466.83068
0.19 -19.535067 454.67801
0.191 -19.220049 442.90302
0.192 -18.911645 431.49208
0.193 -18.609686 420.43214
0.194 -18.314005 409.71066
0.195 -18.024442 399.31561
0.196 -17.740841 389.23546
0.197 -17.463052 379.45914
0.198 -17.190927 369.976
0.199 -16.924326 360.77585
0.2 -16.66311 351.84888
0.201 -16.407145 343.18568
0.202 -16.156303 334.77719
0.203 -15.910457 326.61472
0.204 -15.669484 318.68991
0.205 -15.433267 310.99472
0.206 -15.20169 303.52145
0.207 -14.974641 296.26264
0.208 -14.752012 289.21116
0.209 -14.533698 282.36013
0.21 -14.319595 275.70293
0.211 -14.109604 269.2332
0.212 -13.903628 262.9448
0.213 -13.701573 256.83184
0.214 -13.503348 250.88863
0.215 -13.308864 245.10969
0.216 -13.118035 239.48976
0.217 -12.930776 234.02376
0.218 -12.747005 228.70678
0.219 -12.566643 223.53411
0.22 -12.389614 218.5012
0.221 -12.21584 213.60367
0.222 -12.04525 208.83729
0.223 -11.877772 204.19798
0.224 -11.713337 199.6818
0.225 -11.551876 195.28496
0.226 -11.393326 191.0038
0.227 -11.23762 186.83479
0.228 -11.084698 182.77451
0.229 -10.934498 178.81967
0.23 -10.786961 174.96709
0.231 -10.64203 171.2137
0.232 -10.499648 167.55654
0.233 -10.359762 163.99274
0.234 -10.222318 160.51952
0.235 -10.087263 157.13423
0.236 -9.9545477 153.83428
0.237 -9.8241224 150.61716
0.238 -9.6959391 147.48046
0.239 -9.5699509 144.42185
0.24 -9.4461123 141.43908
0.241 -9.3243785 138.52995
0.242 -9.2047063 135.69237
0.243 -9.0870532 132.92427
0.244 -8.9713779 130.2237
0.245 -8.8576402 127.58874
0.246 -8.7458006 125.01753
0.247 -8.6358208 122.50829
0.248 -8.5276634 120.05929
0.249 -8.4212919 117.66884
0.25 -8.3166704 115.33533
0.251 -8.2137644 113.05717
0.252 -8.1125397 110.83284
0.253 -8.0129632 108.66087
0.254 -7.9150025 106.53983
0.255 -7.8186259 104.46834
0.256 -7.7238026 102.44504
0.257 -7.6305025 100.46864
0.258 -7.5386959 98.537875
0.259 -7.4483543 96.651528
0.26 -7.3594493 94.808412
0.261 -7.2719537 93.007377
0.262 -7.1858405 91.24731
0.263 -7.1010834 89.527129
0.264 -7.017657 87.845787
0.265 -6.9355361 86.202267
0.266 -6.8546962 84.595583
0.267 -6.7751134 83.024779
0.268 -6.6967644 81.488925
0.269 -6.6196262 79.98712
0.27 -6.5436765 78.518491
0.271 -6.4688934 77.082187
0.272 -6.3952555 75.677385
0.273 -6.322742 74.303285
0.274 -6.2513323 72.959109
0.275 -6.1810065 71.644103
0.276 -6.111745 70.357534
0.277 -6.0435287 69.098691
0.278 -5.9763388 67.866881
0.279 -5.910157 66.661434
0.28 -5.8449654 65.481697
0.281 -5.7807465 64.327034
0.282 -5.717483 63.196831
0.283 -5.6551582 62.090487
0.284 -5.5937556 61.007421
0.285 -5.5332591 59.947066
0.286 -5.4736529 58.908873
0.287 -5.4149217 57.892305
0.288 -5.3570504 56.896844
0.289 -5.300024 55.921982
0.29 -5.2438283 54.967229
0.291 -5.1884489 54.032104
0.292 -5.133872 53.116143
0.293 -5.0800839 52.218892
0.294 -5.0270715 51.339911
