function [] = muf_f() 

WallMobGlobals;


MUF_f = [...
% XI    MUF_f1     MUF_f3 MUF_f5
0.001 -562.50001 1.25e8 -6.25e13
0.002 -281.25004 1.5625e7 -1.953125e12
0.003 -187.5001 4.6296297e6 -2.5720165e11
0.004 -140.62518 1.953125e6 -6.1035156e10
0.005 -112.50028 1.0000001e6 -2.e10
0.006 -93.750396 578703.77 -8.0375514e9
0.007 -80.35768 364431.56 -3.7186886e9
0.008 -70.3132 244140.71 -1.9073486e9
0.009 -62.500883 171467.86 -1.058443e9
0.01 -56.251087 125000.11 -6.25e8
0.011 -51.137675 93914.469 -3.8807583e8
0.012 -46.876556 72338.093 -2.5117349e8
0.013 -43.271051 56895.907 -1.6833067e8
0.014 -40.180676 45554.086 -1.1620902e8
0.015 -37.502409 37037.197 -8.230453e7
0.016 -35.158983 30517.749 -5.9604648e7
0.017 -33.091311 25442.884 -4.4018521e7
0.018 -31.253439 21433.661 -3.3076347e7
0.019 -29.609083 18224.431 -2.524132e7
0.02 -28.12922 15625.21 -1.9531253e7
0.021 -26.790353 13497.682 -1.5303249e7
0.022 -25.573258 11739.523 -1.2127373e7
0.023 -24.462054 10273.93 -9.7104863e6
0.024 -23.443506 9042.4942 -7.8491745e6
0.025 -22.506498 8000.2584 -6.4000032e6
0.026 -21.641623 7112.2387 -5.2603366e6
0.027 -20.840868 6350.9351 -4.3557356e6
0.028 -20.097365 5694.5284 -3.631535e6
0.029 -19.405193 5125.5571 -3.0471264e6
0.03 -18.759221 4629.9345 -2.5720196e6
0.031 -18.154978 4196.2121 -2.1830926e6
0.032 -17.588555 3815.0203 -1.8626482e6
0.033 -17.056514 3478.6413 -1.5970229e6
0.034 -16.555824 3180.6788 -1.3755817e6
0.035 -16.083798 2915.8017 -1.1899834e6
0.036 -15.638048 2679.5424 -1.0336388e6
0.037 -15.216446 2468.1383 -901307.23
0.038 -14.817086 2278.4049 -788794.17
0.039 -14.438258 2107.6353 -692721.82
0.04 -14.078423 1953.5182 -610354.56
0.041 -13.736194 1814.0725 -539464.83
0.042 -13.410312 1687.593 -478229.39
0.043 -13.099639 1572.6072 -425148.61
0.044 -12.803138 1467.8387 -378983.25
0.045 -12.519865 1372.1774 -338704.7
0.046 -12.248959 1284.6549 -303455.53
0.047 -11.989631 1204.4238 -272518.12
0.048 -11.741159 1130.7405 -245289.51
0.049 -11.502877 1062.9503 -221261.22
0.05 -11.274176 1000.4759 -200002.89
0.051 -11.054493 942.80619 -181149.04
0.052 -10.843308 889.48813 -164388.29
0.053 -10.640141 840.11892 -149454.49
0.054 -10.444547 794.3397 -136119.49
0.055 -10.256113 751.83002 -124187.11
0.056 -10.074457 712.30318 -113488.2
0.057 -9.8992216 675.50211 -103876.55
0.058 -9.7300765 641.19588 -95225.415
0.059 -9.566712 609.17665 -87424.646
0.06 -9.4088397 579.25699 -80378.308
0.061 -9.25619 551.26765 -74002.635
0.062 -9.1085107 525.05544 -68224.324
0.063 -8.9655655 500.48157 -62979.085
0.064 -8.8271331 477.42004 -58210.419
0.065 -8.6930055 455.75629 -53868.564
0.066 -8.5629876 435.38605 -49909.611
0.067 -8.4368958 416.21421 -46294.738
0.068 -8.3145573 398.15395 -42989.556
0.069 -8.1958092 381.12589 -39963.55
0.07 -8.0804982 365.05735 -37189.592
0.071 -7.9684793 349.88171 -34643.526
0.072 -7.8596158 335.53782 -32303.805
0.073 -7.7537784 321.96948 -30151.181
0.074 -7.6508446 309.125 -28168.429
0.075 -7.5506988 296.95677 -26340.113
0.076 -7.4532311 285.42087 -24652.38
0.077 -7.3583377 274.47678 -23092.779
0.078 -7.2659196 264.08705 -21650.103
0.079 -7.1758834 254.21703 -20314.252
0.08 -7.0881399 244.83464 -19076.11
0.081 -7.0026046 235.91015 -17927.441
0.082 -6.9191968 227.41598 -16860.791
0.083 -6.83784 219.32652 -15869.408
0.084 -6.7584613 211.61796 -14947.169
0.085 -6.680991 204.26816 -14088.511
0.086 -6.6053628 197.2565 -13288.38
0.087 -6.5315134 190.56377 -12542.173
0.088 -6.4593825 184.17205 -11845.698
0.089 -6.3889123 178.06462 -11195.13
0.09 -6.3200478 172.22585 -10586.979
0.091 -6.2527361 166.64116 -10018.051
0.092 -6.1869269 161.29687 -9485.428
0.093 -6.1225719 156.1802 -8986.4348
0.094 -6.059625 151.27917 -8518.6202
0.095 -5.9980417 146.58255 -8079.7347
0.096 -5.9377798 142.07981 -7667.7127
0.097 -5.8787985 137.76104 -7280.6552
0.098 -5.8210588 133.61695 -6916.8153
0.099 -5.7645232 129.63882 -6574.5841
0.1 -5.7091559 125.81843 -6252.4792
0.101 -5.6549223 122.14804 -5949.1331
0.102 -5.6017891 118.62037 -5663.2835
0.103 -5.5497245 115.22856 -5393.7643
0.104 -5.4986979 111.96613 -5139.4974
0.105 -5.4486797 108.82699 -4899.4851
0.106 -5.3996415 105.80538 -4672.8037
0.107 -5.351556 102.89584 -4458.5975
0.108 -5.3043968 100.09325 -4256.0725
0.109 -5.2581387 97.392728 -4064.4925
0.11 -5.2127571 94.789688 -3883.1734
0.111 -5.1682285 92.279774 -3711.4799
0.112 -5.1245302 89.858864 -3548.8208
0.113 -5.0816402 87.523055 -3394.6466
0.114 -5.0395374 85.268645 -3248.4452
0.115 -4.9982014 83.092124 -3109.7397
0.116 -4.9576125 80.990165 -2978.0856
0.117 -4.9177515 78.959605 -2853.0681
0.118 -4.8786002 76.997446 -2734.3002
0.119 -4.8401406 75.100835 -2621.4205
0.12 -4.8023557 73.267063 -2514.0911
0.121 -4.7652288 71.493555 -2411.9962
0.122 -4.7287437 69.777859 -2314.8404
0.123 -4.692885 68.117644 -2222.3471
0.124 -4.6576376 66.510691 -2134.2574
0.125 -4.6229869 64.954883 -2050.3286
0.126 -4.5889187 63.448209 -1970.3332
0.127 -4.5554194 61.988746 -1894.0577
0.128 -4.5224757 60.574665 -1821.302
0.129 -4.4900748 59.20422 -1751.8779
0.13 -4.4582042 57.875744 -1685.6088
0.131 -4.4268519 56.587647 -1622.3287
0.132 -4.3960061 55.33841 -1561.8815
0.133 -4.3656555 54.126583 -1504.1204
0.134 -4.3357891 52.950779 -1448.9069
0.135 -4.3063961 51.809673 -1396.1111
0.136 -4.2774663 50.701999 -1345.6104
0.137 -4.2489894 49.626544 -1297.289
0.138 -4.2209558 48.582149 -1251.0382
0.139 -4.1933559 47.567705 -1206.7551
0.14 -4.1661804 46.582147 -1164.3427
0.141 -4.1394205 45.624459 -1123.7095
0.142 -4.1130673 44.693665 -1084.769
0.143 -4.0871123 43.788832 -1047.4395
0.144 -4.0615475 42.909063 -1011.6438
0.145 -4.0363646 42.053499 -977.30879
0.146 -4.0115559 41.221317 -944.36546
0.147 -3.9871138 40.411726 -912.74843
0.148 -3.963031 39.623968 -882.39581
0.149 -3.9393002 38.857314 -853.249
0.15 -3.9159144 38.111065 -825.25246
0.151 -3.8928668 37.384549 -798.35359
0.152 -3.8701508 36.677121 -772.50249
0.153 -3.8477599 35.98816 -747.65186
0.154 -3.8256878 35.317071 -723.75681
0.155 -3.8039283 34.66328 -700.77473
0.156 -3.7824755 34.026236 -678.66519
0.157 -3.7613236 33.405409 -657.38978
0.158 -3.7404669 32.800287 -636.91201
0.159 -3.7198998 32.21038 -617.1972
0.16 -3.6996169 31.635215 -598.2124
0.161 -3.679613 31.074336 -579.92626
0.162 -3.6598829 30.527305 -562.30895
0.163 -3.6404215 29.993699 -545.33212
0.164 -3.6212241 29.473111 -528.96876
0.165 -3.6022858 28.965149 -513.19315
0.166 -3.583602 28.469433 -497.98082
0.167 -3.5651681 27.9856 -483.30843
0.168 -3.5469796 27.513297 -469.15375
0.169 -3.5290323 27.052185 -455.4956
0.17 -3.5113219 26.601936 -442.31376
0.171 -3.4938442 26.162234 -429.58898
0.172 -3.4765952 25.732774 -417.30287
0.173 -3.459571 25.313262 -405.43787
0.174 -3.4427676 24.903412 -393.97726
0.175 -3.4261814 24.50295 -382.90503
0.176 -3.4098086 24.11161 -372.20592
0.177 -3.3936457 23.729136 -361.86533
0.178 -3.377689 23.35528 -351.86933
0.179 -3.3619352 22.989802 -342.20459
0.18 -3.3463808 22.632471 -332.85838
0.181 -3.3310227 22.283062 -323.81851
0.182 -3.3158574 21.941359 -315.07333
0.183 -3.300882 21.607151 -306.61169
0.184 -3.2860933 21.280237 -298.42292
0.185 -3.2714883 20.96042 -290.49681
0.186 -3.257064 20.647509 -282.82359
0.187 -3.2428175 20.341321 -275.39388
0.188 -3.2287461 20.041678 -268.19873
0.189 -3.2148469 19.748407 -261.22953
0.19 -3.2011172 19.461341 -254.47804
0.191 -3.1875543 19.180319 -247.93638
0.192 -3.1741557 18.905183 -241.59697
0.193 -3.1609187 18.635782 -235.45256
0.194 -3.147841 18.371969 -229.49618
0.195 -3.13492 18.1136 -223.72116
0.196 -3.1221534 17.860537 -218.12107
0.197 -3.1095387 17.612646 -212.68978
0.198 -3.0970738 17.369798 -207.42137
0.199 -3.0847563 17.131864 -202.31018
0.2 -3.072584 16.898725 -197.35075
0.201 -3.0605547 16.670259 -192.53786
0.202 -3.0486664 16.446353 -187.86648
0.203 -3.0369169 16.226893 -183.33177
0.204 -3.0253043 16.011773 -178.9291
0.205 -3.0138264 15.800885 -174.654
0.206 -3.0024813 15.594128 -170.50217
0.207 -2.9912671 15.391402 -166.4695
0.208 -2.9801819 15.19261 -162.55202
0.209 -2.9692239 14.99766 -158.74589
