function [] = muf_g()

WallMobGlobals;

MUF_g = [...
% XI    MUF_g1 MUF_g3 MUF_g5
0.001 -1125. 5.e8 -1.25e14
0.002 -562.5 6.25e7 -3.90625e12
0.003 -375. 1.8518519e7 -5.1440329e11
0.004 -281.25 7.8125e6 -1.2207031e11
0.005 -225. 4.e6 -4.e10
0.006 -187.5 2.3148148e6 -1.6075103e10
0.007 -160.71429 1.4577259e6 -7.4373773e9
0.008 -140.625 976562.5 -3.8146973e9
0.009 -125. 685871.05 -2.116886e9
0.01 -112.5 500000. -1.25e9
0.011 -102.27273 375657.4 -7.7615166e8
0.012 -93.750001 289351.85 -5.0234697e8
0.013 -86.538462 227583.06 -3.3666135e8
0.014 -80.357144 182215.74 -2.3241804e8
0.015 -75.000001 148148.14 -1.6460906e8
0.016 -70.312502 122070.31 -1.1920929e8
0.017 -66.176473 101770.81 -8.8037037e7
0.018 -62.500003 85733.876 -6.6152689e7
0.019 -59.21053 72896.918 -5.0482637e7
0.02 -56.250004 62499.993 -3.9062503e7
0.021 -53.571434 53989.842 -3.0606494e7
0.022 -51.13637 46957.167 -2.4254742e7
0.023 -48.913051 41094.756 -1.9420969e7
0.024 -46.875009 36168.972 -1.5698345e7
0.025 -45.000011 31999.99 -1.2800003e7
0.026 -43.269243 28447.872 -1.052067e7
0.027 -41.666681 25402.62 -8.7114674e6
0.028 -40.178588 22776.955 -7.2630663e6
0.029 -38.793122 20501.032 -6.0942491e6
0.03 -37.500022 18518.504 -5.1440354e6
0.031 -36.290347 16783.577 -4.3661815e6
0.032 -35.156278 15258.773 -3.7252927e6
0.033 -34.09094 13913.22 -3.1940421e6
0.034 -33.088271 12721.333 -2.7511597e6
0.035 -32.142897 11661.788 -2.3799631e6
0.036 -31.250044 10716.715 -2.0672738e6
0.037 -30.405454 9871.0625 -1.8026107e6
0.038 -29.605317 9112.0933 -1.5775846e6
0.039 -28.846214 8428.9793 -1.3854399e6
0.04 -28.125066 7812.4757 -1.2207054e6
0.041 -27.439097 7254.6575 -1.0789259e6
0.042 -26.785794 6748.7048 -956455.02
0.043 -26.162878 6288.7269 -850293.46
0.044 -25.568278 5869.6182 -757962.74
0.045 -25.000105 5486.9387 -677405.63
0.046 -24.456636 5136.8146 -606907.3
0.047 -23.936294 4815.8565 -545032.48
0.048 -23.437634 4521.0894 -490575.27
0.049 -22.959329 4249.8955 -442518.69
0.05 -22.500157 3999.9644 -400002.02
0.051 -22.058993 3769.2525 -362294.32
0.052 -21.634798 3555.9474 -328772.82
0.053 -21.226612 3358.4379 -298905.23
0.054 -20.833545 3175.2885 -272235.22
0.055 -20.454773 3005.2175 -248370.45
0.056 -20.089529 2847.078 -226972.65
0.057 -19.737103 2699.8418 -207749.35
0.058 -19.39683 2562.5852 -190447.07
0.059 -19.068094 2434.4767 -174845.53
0.06 -18.750317 2314.7667 -160752.86
0.061 -18.442961 2202.7782 -148001.51
0.062 -18.145521 2097.8984 -136444.89
0.063 -17.857525 1999.5721 -125954.41
0.064 -17.578531 1907.2953 -116417.08
0.065 -17.308123 1820.6099 -107733.37
0.066 -17.045912 1739.0987 -99815.463
0.067 -16.791529 1662.3812 -92585.717
0.068 -16.54463 1590.1103 -85975.354
0.069 -16.304889 1521.9683 -79923.342
0.07 -16.072001 1457.6646 -74375.426
0.071 -15.845674 1396.9327 -69283.294
0.072 -15.625637 1339.5279 -64603.852
0.073 -15.41163 1285.2255 -60298.604
0.074 -15.203409 1233.8187 -56333.099
0.075 -15.000744 1185.1171 -52676.467
0.076 -14.803414 1138.945 -49301.001
0.077 -14.611212 1095.1403 -46181.799
0.078 -14.42394 1053.5531 -43296.447
0.079 -14.241412 1014.045 -40624.745
0.08 -14.06345 976.48757 -38148.462
0.081 -13.889885 940.76192 -35851.124
0.082 -13.720555 906.7577 -33717.824
0.083 -13.555309 874.37247 -31735.058
0.084 -13.394 843.511 -29890.579
0.085 -13.236489 814.08473 -28173.264
0.086 -13.082644 786.01117 -26573.001
0.087 -12.932339 759.21348 -25080.587
0.088 -12.785453 733.62 -23687.637
0.089 -12.64187 709.16382 -22386.502
0.09 -12.501482 685.78247 -21170.199
0.091 -12.364182 663.41755 -20032.344
0.092 -12.22987 642.0144 -18967.098
0.093 -12.09845 621.52189 -17969.111
0.094 -11.96983 601.89208 -17033.482
0.095 -11.843921 583.08005 -16155.711
0.096 -11.720638 565.04366 -15331.667
0.097 -11.599901 547.74333 -14557.552
0.098 -11.481632 531.14189 -13829.872
0.099 -11.365756 515.20441 -13145.41
0.1 -11.2522 499.89801 -12501.2
0.101 -11.140898 485.19177 -11894.508
0.102 -11.031781 471.05655 -11322.809
0.103 -10.924788 457.46491 -10783.77
0.104 -10.819855 444.39096 -10275.236
0.105 -10.716926 431.81029 -9795.2119
0.106 -10.615943 419.69985 -9341.8492
0.107 -10.516851 408.03786 -8913.4366
0.108 -10.419599 396.80378 -8508.3868
0.109 -10.324136 385.97813 -8125.2267
0.11 -10.230413 375.54254 -7762.5886
0.111 -10.138382 365.47958 -7419.2014
0.112 -10.048 355.77277 -7093.8834
0.113 -9.9592222 346.4065 -6785.5348
0.114 -9.8720064 337.36595 -6493.132
0.115 -9.7863121 328.6371 -6215.7211
0.116 -9.7021001 320.20661 -5952.4128
0.117 -9.6193324 312.06186 -5702.3779
0.118 -9.5379725 304.19083 -5464.8422
0.119 -9.457985 296.58212 -5239.0827
0.12 -9.3793357 289.2249 -5024.4238
0.121 -9.3019914 282.10886 -4820.234
0.122 -9.2259203 275.2242 -4625.9224
0.123 -9.1510914 268.56158 -4440.9359
0.124 -9.0774747 262.11213 -4264.7565
0.125 -9.0050412 255.86738 -4096.8989
0.126 -8.933763 249.81929 -3936.908
0.127 -8.8636127 243.96017 -3784.3571
0.128 -8.7945642 238.2827 -3638.8456
0.129 -8.7265918 232.77988 -3499.9975
0.13 -8.6596709 227.44507 -3367.4593
0.131 -8.5937775 222.27189 -3240.8992
0.132 -8.5288883 217.25426 -3120.0048
0.133 -8.4649809 212.38639 -3004.4824
0.134 -8.4020333 207.66274 -2894.0556
0.135 -8.3400243 203.07799 -2788.464
0.136 -8.2789334 198.62708 -2687.4624
0.137 -8.2187405 194.30516 -2590.8198
0.138 -8.1594263 190.10759 -2498.3181
0.139 -8.1009719 186.02994 -2409.7519
0.14 -8.0433589 182.06795 -2324.9271
0.141 -7.9865697 178.21755 -2243.6607
0.142 -7.9305869 174.47483 -2165.7797
0.143 -7.8753937 170.83607 -2091.1207
0.144 -7.8209738 167.29767 -2019.5292
0.145 -7.7673113 163.85621 -1950.8593
0.146 -7.7143908 160.50838 -1884.9726
0.147 -7.6621972 157.25102 -1821.7386
0.148 -7.6107159 154.0811 -1761.0333
0.149 -7.5599327 150.9957 -1702.7397
0.15 -7.5098337 147.99203 -1646.7466
0.151 -7.4604055 145.06739 -1592.9489
0.152 -7.411635 142.21921 -1541.2467
0.153 -7.3635094 139.44501 -1491.5454
0.154 -7.3160162 136.74239 -1443.7553
0.155 -7.2691433 134.10907 -1397.7912
0.156 -7.222879 131.54284 -1353.5721
0.157 -7.1772116 129.04157 -1311.0213
0.158 -7.1321301 126.60323 -1270.0657
0.159 -7.0876234 124.22585 -1230.6361
0.16 -7.0436809 121.90753 -1192.6665
0.161 -7.0002922 119.64646 -1156.0942
0.162 -6.9574472 117.44088 -1120.8596
0.163 -6.915136 115.2891 -1086.9059
0.164 -6.873349 113.18949 -1054.1792
0.165 -6.8320767 111.14048 -1022.628
0.166 -6.7913099 109.14055 -992.20334
0.167 -6.7510398 107.18824 -962.85855
0.168 -6.7112576 105.28216 -934.5492
0.169 -6.6719547 103.42093 -907.23289
0.17 -6.6331227 101.60324 -880.86923
0.171 -6.5947537 99.82784 -855.41967
0.172 -6.5568395 98.0935 -830.84744
0.173 -6.5193725 96.39904 -807.11745
0.174 -6.4823451 94.743324 -784.19622
0.175 -6.4457498 93.125251 -762.05176
0.176 -6.4095795 91.543759 -740.65353
0.177 -6.3738269 89.997821 -719.97236
0.178 -6.3384853 88.486444 -699.98036
0.179 -6.3035479 87.008669 -680.65088
0.18 -6.269008 85.563569 -661.95846
0.181 -6.2348592 84.150248 -643.87871
0.182 -6.2010952 82.767837 -626.38835
0.183 -6.1677097 81.415497 -609.46507
0.184 -6.1346968 80.092417 -593.08754
0.185 -6.1020506 78.797811 -577.23533
0.186 -6.0697652 77.530919 -561.88888
0.187 -6.037835 76.291003 -547.02947
0.188 -6.0062544 75.077351 -532.63916
0.189 -5.9750181 73.889274 -518.70075
0.19 -5.9441207 72.726101 -505.19778
0.191 -5.913557 71.587186 -492.11446
0.192 -5.8833219 70.471901 -479.43565
0.193 -5.8534106 69.379638 -467.14682
0.194 -5.823818 68.309806 -455.23406
0.195 -5.7945394 67.261836 -443.68401
0.196 -5.7655702 66.235172 -432.48385
0.197 -5.7369057 65.229278 -421.62126
0.198 -5.7085415 64.243632 -411.08445
0.199 -5.6804732 63.277729 -400.86206
0.2 -5.6526964 62.331079 -390.9432
0.201 -5.625207 61.403206 -381.31742
0.202 -5.5980008 60.493649 -371.97465
0.203 -5.5710737 59.601959 -362.90524
0.204 -5.5444219 58.727701 -354.0999
0.205 -5.5180413 57.870453 -345.54969
0.206 -5.4919282 57.029806 -337.24605
0.207 -5.4660789 56.20536 -329.18071
0.208 -5.4404896 55.396729 -321.34573
0.209 -5.4151567 54.603538 -313.73348
0.21 -5.3900768 53.825421 -306.33659
