function [] = mul_f()

WallMobGlobals;

MUL_f = [...
% XI    MOF_f2       MOF_f4
0.001 0.0055743328 -9.375e10
0.002 0.011098266 -5.859375e9
0.003 0.016572135 -1.1574074e9
0.004 0.021996273 -3.6621094e8
0.005 0.027371009 -1.5e8
0.006 0.032696671 -7.2337966e7
0.007 0.037973584 -3.9046233e7
0.008 0.04320207 -2.2888186e7
0.009 0.048382449 -1.4288983e7
0.01 0.053515039 -9.3750027e6
0.011 0.058600155 -6.4032538e6
0.012 0.06363811 -4.5211253e6
0.013 0.068629213 -3.2824507e6
0.014 0.073573773 -2.440392e6
0.015 0.078472095 -1.8518544e6
0.016 0.083324482 -1.4305141e6
0.017 0.088131235 -1.1224748e6
0.018 0.092892654 -893063.83
0.019 0.097609033 -719380.08
0.02 0.10228067 -585940.03
0.021 0.10690785 -482054.75
0.022 0.11149087 -400205.7
0.023 0.11603001 -335014.16
0.024 0.12052556 -282572.64
0.025 0.12497781 -240002.46
0.026 0.12938703 -205155.45
0.027 0.1337535 -176409.6
0.028 0.1380775 -152526.76
0.029 0.1423593 -132552.27
0.03 0.14659918 -115743.14
0.031 0.15079741 -101516.05
0.032 0.15495425 -89409.336
0.033 0.15906998 -79054.84
0.034 0.16314485 -70156.856
0.035 0.16717914 -62476.3
0.036 0.17117309 -55818.648
0.037 0.17512697 -50024.689
0.038 0.17904104 -44963.389
0.039 0.18291555 -40526.331
0.04 0.18675076 -36623.362
0.041 0.19054691 -33179.16
0.042 0.19430425 -30130.509
0.043 0.19802304 -27424.126
0.044 0.20170351 -25014.92
0.045 0.20534592 -22864.576
0.046 0.2089505 -20940.425
0.047 0.2125175 -19214.505
0.048 0.21604714 -17662.808
0.049 0.21953968 -16264.647
0.05 0.22299534 -15002.149
0.051 0.22641436 -13859.818
0.052 0.22979698 -12824.188
0.053 0.23314341 -11883.519
0.054 0.23645389 -11027.55
0.055 0.23972864 -10247.293
0.056 0.2429679 -9534.8506
0.057 0.24617187 -8883.2723
0.058 0.2493408 -8286.4233
0.059 0.25247489 -7738.8787
0.06 0.25557436 -7235.8308
0.061 0.25863944 -6773.0097
0.062 0.26167033 -6346.6163
0.063 0.26466726 -5953.2634
0.064 0.26763043 -5589.9258
0.065 0.27056005 -5253.8965
0.066 0.27345634 -4942.7489
0.067 0.2763195 -4654.3045
0.068 0.27914974 -4386.6042
0.069 0.28194726 -4137.883
0.07 0.28471227 -3906.549
0.071 0.28744497 -3691.1636
0.072 0.29014556 -3490.4254
0.073 0.29281424 -3303.1551
0.074 0.29545121 -3128.2829
0.075 0.29805666 -2964.8365
0.076 0.30063079 -2811.9317
0.077 0.3031738 -2668.763
0.078 0.30568586 -2534.5959
0.079 0.30816719 -2408.7595
0.08 0.31061796 -2290.6408
0.081 0.31303837 -2179.6786
0.082 0.3154286 -2075.3588
0.083 0.31778883 -1977.2098
0.084 0.32011926 -1884.7989
0.085 0.32242006 -1797.728
0.086 0.32469142 -1715.631
0.087 0.32693352 -1638.1709
0.088 0.32914654 -1565.0368
0.089 0.33133065 -1495.942
0.09 0.33348604 -1430.6217
0.091 0.33561287 -1368.8311
0.092 0.33771133 -1310.3437
0.093 0.33978158 -1254.95
0.094 0.34182381 -1202.4554
0.095 0.34383817 -1152.6799
0.096 0.34582484 -1105.4562
0.097 0.34778399 -1060.6288
0.098 0.34971579 -1018.0532
0.099 0.3516204 -977.59503
0.1 0.35349799 -939.12919
0.101 0.35534872 -902.53905
0.102 0.35717276 -867.71588
0.103 0.35897026 -834.55826
0.104 0.36074139 -802.97149
0.105 0.36248631 -772.86707
0.106 0.36420517 -744.16228
0.107 0.36589814 -716.77975
0.108 0.36756538 -690.64703
0.109 0.36920702 -665.69627
0.11 0.37082324 -641.86388
0.111 0.37241419 -619.09021
0.112 0.37398001 -597.31933
0.113 0.37552086 -576.49867
0.114 0.37703689 -556.5789
0.115 0.37852824 -537.51362
0.116 0.37999508 -519.2592
0.117 0.38143754 -501.77459
0.118 0.38285577 -485.02116
0.119 0.38424992 -468.96249
0.12 0.38562013 -453.56429
0.121 0.38696655 -438.7942
0.122 0.38828931 -424.62173
0.123 0.38958856 -411.01807
0.124 0.39086445 -397.95603
0.125 0.3921171 -385.40994
0.126 0.39334667 -373.3555
0.127 0.39455328 -361.76977
0.128 0.39573708 -350.63104
0.129 0.3968982 -339.91876
0.13 0.39803677 -329.61347
0.131 0.39915294 -319.69675
0.132 0.40024683 -310.15114
0.133 0.40131859 -300.96008
0.134 0.40236833 -292.10788
0.135 0.4033962 -283.57964
0.136 0.40440231 -275.36123
0.137 0.40538681 -267.43923
0.138 0.40634982 -259.80089
0.139 0.40729147 -252.43411
0.14 0.40821188 -245.32737
0.141 0.40911119 -238.46971
0.142 0.40998951 -231.85074
0.143 0.41084697 -225.46054
0.144 0.4116837 -219.28968
0.145 0.41249982 -213.32917
0.146 0.41329545 -207.57046
0.147 0.41407071 -202.0054
0.148 0.41482573 -196.62623
0.149 0.41556062 -191.42552
0.15 0.4162755 -186.39621
0.151 0.41697049 -181.53157
0.152 0.41764572 -176.82515
0.153 0.41830129 -172.27081
0.154 0.41893732 -167.86269
0.155 0.41955393 -163.59518
0.156 0.42015124 -159.46292
0.157 0.42072935 -155.4608
0.158 0.42128838 -151.58393
0.159 0.42182845 -147.82761
0.16 0.42234967 -144.18738
0.161 0.42285214 -140.65894
0.162 0.42333598 -137.2382
0.163 0.4238013 -133.92123
0.164 0.42424821 -130.70426
0.165 0.42467681 -127.5837
0.166 0.42508722 -124.55609
0.167 0.42547954 -121.61812
0.168 0.42585388 -118.76663
0.169 0.42621035 -115.99856
0.17 0.42654905 -113.311
0.171 0.42687008 -110.70116
0.172 0.42717355 -108.16633
0.173 0.42745957 -105.70396
0.174 0.42772823 -103.31155
0.175 0.42797964 -100.98673
0.176 0.42821391 -98.727214
0.177 0.42843112 -96.530814
0.178 0.42863139 -94.395416
0.179 0.42881481 -92.318994
0.18 0.42898148 -90.299599
0.181 0.42913151 -88.335356
0.182 0.42926498 -86.424462
0.183 0.429382 -84.565184
0.184 0.42948267 -82.755851
0.185 0.42956707 -80.994858
0.186 0.42963531 -79.280659
0.187 0.42968748 -77.611763
0.188 0.42972368 -75.986738
0.189 0.429744 -74.404201
0.19 0.42974854 -72.862823
0.191 0.42973738 -71.36132
0.192 0.42971062 -69.898457
0.193 0.42966836 -68.473041
0.194 0.42961068 -67.083925
0.195 0.42953767 -65.729999
0.196 0.42944944 -64.410196
0.197 0.42934605 -63.123484
0.198 0.42922762 -61.868868
0.199 0.42909421 -60.645388
0.2 0.42894593 -59.452117
0.201 0.42878287 -58.288161
0.202 0.4286051 -57.152655
0.203 0.42841271 -56.044765
0.204 0.4282058 -54.963684
0.205 0.42798445 -53.908635
0.206 0.42774874 -52.878865
0.207 0.42749876 -51.873646
0.208 0.42723459 -50.892275
0.209 0.42695632 -49.934074
0.21 0.42666403 -48.998384
0.211 0.42635781 -48.084571
0.212 0.42603773 -47.19202
0.213 0.42570389 -46.320136
0.214 0.42535635 -45.468344
0.215 0.42499521 -44.636087
0.216 0.42462054 -43.822828
0.217 0.42423243 -43.028043
0.218 0.42383095 -42.251229
0.219 0.42341618 -41.491896
0.22 0.42298821 -40.749571
0.221 0.42254711 -40.023796
0.222 0.42209296 -39.314126
0.223 0.42162584 -38.620131
0.224 0.42114583 -37.941395
0.225 0.420653 -37.277512
0.226 0.42014743 -36.628091
0.227 0.41962919 -35.992754
0.228 0.41909837 -35.371131
0.229 0.41855503 -34.762865
0.23 0.41799925 -34.167611
0.231 0.41743112 -33.585033
0.232 0.41685069 -33.014804
0.233 0.41625805 -32.45661
0.234 0.41565327 -31.910144
0.235 0.41503642 -31.375108
0.236 0.41440757 -30.851213
0.237 0.4137668 -30.338179
0.238 0.41311418 -29.835734
0.239 0.41244978 -29.343614
0.24 0.41177368 -28.861562
0.241 0.41108593 -28.38933
0.242 0.41038662 -27.926675
0.243 0.40967581 -27.473362
0.244 0.40895358 -27.029163
0.245 0.40821998 -26.593856
0.246 0.4074751 -26.167226
0.247 0.406719 -25.749062
0.248 0.40595175 -25.339162
0.249 0.40517342 -24.937327
0.25 0.40438406 -24.543365
0.251 0.40358377 -24.157089
0.252 0.40277259 -23.778316
0.253 0.40195059 -23.40687
0.254 0.40111785 -23.042579
0.255 0.40027442 -22.685275
0.256 0.39942038 -22.334795
0.257 0.39855579 -21.990981
0.258 0.39768071 -21.653678
0.259 0.39679521 -21.322737
0.26 0.39589935 -20.998012
0.261 0.3949932 -20.679359
0.262 0.39407682 -20.366642
0.263 0.39315028 -20.059725
0.264 0.39221363 -19.758477
0.265 0.39126695 -19.462769
0.266 0.39031028 -19.172479
0.267 0.38934371 -18.887484
0.268 0.38836728 -18.607667
0.269 0.38738105 -18.332912
0.27 0.3863851 -18.063107
0.271 0.38537948 -17.798144
0.272 0.38436426 -17.537916
0.273 0.38333948 -17.282319
0.274 0.38230522 -17.031253
0.275 0.38126153 -16.784618
0.276 0.38020847 -16.542319
0.277 0.37914611 -16.304262
0.278 0.3780745 -16.070356
0.279 0.37699369 -15.840512
0.28 0.37590376 -15.614643
0.281 0.37480475 -15.392665
0.282 0.37369673 -15.174494
0.283 0.37257975 -14.960051
0.284 0.37145387 -14.749257
