function [] = mus_f()

WallMobGlobals;

MUS_f = [ ...
% XI    MUS_f2    MUS_f4   MUS_f6
0.001 281249.99 -2.25e11 9.375e16
0.002 70312.489 -1.40625e10 1.4648438e15
0.003 31249.983 -2.7777778e9 1.2860082e14
0.004 17578.103 -8.7890625e8 2.2888184e13
0.005 11249.973 -3.6e8 6.e12
0.006 7812.4673 -1.7361111e8 2.0093879e12
0.007 5739.7579 -9.3710951e7 7.9686185e11
0.008 4394.488 -5.4931638e7 3.5762787e11
0.009 3472.1738 -3.429355e7 1.7640716e11
0.01 2812.4465 -2.2499997e7 9.375e10
0.011 2324.3215 -1.53678e7 5.2919431e10
0.012 1953.0613 -1.0850692e7 3.1396685e10
0.013 1664.1325 -7.8778729e6 1.942277e10
0.014 1434.8753 -5.8569321e6 1.2450966e10
0.015 1249.9214 -4.4444419e6 8.2304527e9
0.016 1098.5494 -3.433225e6 5.5879355e9
0.017 973.09513 -2.6939308e6 3.8839868e9
0.018 867.9625 -2.1433446e6 2.756362e9
0.019 778.98808 -1.7265036e6 1.9927356e9
0.02 703.0225 -1.4062476e6 1.4648438e9
0.021 637.64794 -1.1569229e6 1.093089e9
0.022 580.98326 -960485.27 8.2686611e8
0.023 531.54716 -804025.62 6.3329238e8
0.024 488.16036 -678166.04 4.9057321e8
0.025 449.87461 -575997.65 3.84e8
0.026 415.92044 -492364.88 3.0348078e8
0.027 385.6682 -423374.88 2.4198514e8
0.028 358.59859 -366056.11 1.9454635e8
0.029 334.28031 -318117.39 1.5760983e8
0.03 312.3527 -277775.51 1.2860083e8
0.031 292.51232 -243630.54 1.0563337e8
0.032 274.5024 -214574.48 8.7311495e7
0.033 258.10447 -189723.74 7.2591815e7
0.034 243.13169 -168368.62 6.0687298e7
0.035 229.42356 -149935.33 5.0999162e7
0.036 216.84153 -133957.01 4.3068159e7
0.037 205.26551 -120051.56 3.6539363e7
0.038 194.59104 -107904.48 3.1136496e7
0.039 184.72683 -97255.586 2.6643035e7
0.04 175.59289 -87888.504 2.2888187e7
0.041 167.11885 -79622.461 1.9736412e7
0.042 159.24262 -72305.741 1.7079518e7
0.043 151.90925 -65810.467 1.4830665e7
0.044 145.06994 -60028.414 1.2919786e7
0.045 138.68129 -54867.632 1.1290062e7
0.046 132.70453 -50249.711 9.8951965e6
0.047 127.10499 -46107.546 8.6972966e6
0.048 121.85156 -42383.513 7.6652094e6
0.049 116.91628 -39027.969 6.773217e6
0.05 112.27397 -35998.013 6.000003e6
0.051 107.90186 -33256.461 5.3278312e6
0.052 103.77938 -30770.989 4.7418901e6
0.053 99.887876 -28513.423 4.2297662e6
0.054 96.21039 -26459.138 3.7810206e6
0.055 92.731505 -24586.56 3.3868464e6
0.056 89.437164 -22876.738 3.0397896e6
0.057 86.314533 -21312.99 2.7335221e6
0.058 83.351874 -19880.591 2.4626563e6
0.059 80.538436 -18566.523 2.222592e6
0.06 77.864355 -17359.246 2.0093906e6
0.061 75.320571 -16248.513 1.8196712e6
0.062 72.898746 -15225.207 1.650524e6
0.063 70.591201 -14281.198 1.4994388e6
0.064 68.39085 -13409.225 1.3642447e6
0.065 66.291149 -12602.791 1.2430599e6
0.066 64.286046 -11856.074 1.1342497e6
0.067 62.369938 -11163.844 1.0363908e6
0.068 60.537628 -10521.4 948241.56
0.069 58.784296 -9924.5052 868716.39
0.07 57.105463 -9369.3393 796864.4
0.071 55.496961 -8852.4501 731851.02
0.072 53.954912 -8370.7139 672942.43
0.073 52.475702 -7921.3005 619492.22
0.074 51.055957 -7501.642 570929.96
0.075 49.692527 -7109.4055 526751.42
0.076 48.382471 -6742.4686 486510.13
0.077 47.123034 -6398.8981 449810.15
0.078 45.911638 -6076.931 416299.75
0.079 44.745867 -5774.9576 385666.04
0.08 43.623455 -5491.5063 357630.22
0.081 42.542274 -5225.2305 331943.54
0.082 41.500328 -4974.8962 308383.7
0.083 40.495736 -4739.3719 286751.83
0.084 39.526733 -4517.6184 266869.7
0.085 38.591653 -4308.6808 248577.42
0.086 37.688929 -4111.6805 231731.34
0.087 36.817083 -3925.8084 216202.26
0.088 35.974719 -3750.3186 201873.81
0.089 35.160522 -3584.5229 188641.08
0.09 34.373246 -3427.7857 176409.33
0.091 33.611716 -3279.5197 165092.97
0.092 32.874819 -3139.1813 154614.53
0.093 32.161502 -3006.2673 144903.85
0.094 31.470767 -2880.3113 135897.31
0.095 30.80167 -2760.8808 127537.16
0.096 30.153313 -2647.5742 119770.92
0.097 29.524848 -2540.0186 112550.85
0.098 28.915466 -2437.8673 105833.5
0.099 28.324401 -2340.7977 99579.263
0.1 27.750924 -2248.5094 93752.001
0.101 27.194343 -2160.7225 88318.726
0.102 26.654 -2077.1763 83249.286
0.103 26.129266 -1997.6272 78516.102
0.104 25.619546 -1921.8479 74093.924
0.105 25.12427 -1849.6261 69959.614
0.106 24.642896 -1780.7633 66091.956
0.107 24.174908 -1715.0737 62471.473
0.108 23.719812 -1652.3834 59080.276
0.109 23.277139 -1592.5297 55901.92
0.11 22.846438 -1535.3599 52921.274
0.111 22.427281 -1480.731 50124.406
0.112 22.019257 -1428.5084 47498.48
0.113 21.621975 -1378.5663 45031.659
0.114 21.23506 -1330.7862 42713.021
0.115 20.858153 -1285.0566 40532.48
0.116 20.490911 -1241.273 38480.714
0.117 20.133005 -1199.3368 36549.106
0.118 19.784121 -1159.1552 34729.68
0.119 19.443956 -1120.6409 33015.052
0.12 19.112222 -1083.7115 31398.38
0.121 18.788642 -1048.2895 29873.319
0.122 18.472949 -1014.3016 28433.985
0.123 18.164889 -981.67869 27074.915
0.124 17.864216 -950.35553 25791.033
0.125 17.570695 -920.27047 24577.624
0.126 17.2841 -891.36525 23430.3
0.127 17.004216 -863.58479 22344.98
0.128 16.730831 -836.87697 21317.864
0.129 16.463748 -811.19248 20345.412
0.13 16.202771 -786.48464 19424.324
0.131 15.947717 -762.70921 18551.524
0.132 15.698405 -739.82429 17724.138
0.133 15.454666 -717.79017 16939.487
0.134 15.216332 -696.56916 16195.067
0.135 14.983245 -676.12552 15488.536
0.136 14.755251 -656.42534 14817.708
0.137 14.532203 -637.43641 14180.536
0.138 14.313957 -619.12814 13575.102
0.139 14.100376 -601.47145 12999.613
0.14 13.891327 -584.43873 12452.389
0.141 13.686683 -568.0037 11931.854
0.142 13.48632 -552.14136 11436.53
0.143 13.290119 -536.82795 10965.031
0.144 13.097965 -522.04081 10516.058
0.145 12.909747 -507.75841 10088.388
0.146 12.725357 -493.9602 9680.8738
0.147 12.544692 -480.62662 9292.4371
0.148 12.367651 -467.73902 8922.0639
0.149 12.194139 -455.27963 8568.8007
0.15 12.02406 -443.23148 8231.75
0.151 11.857325 -431.5784 7910.0669
0.152 11.693847 -420.30493 7602.9559
0.153 11.533539 -409.39635 7309.6674
0.154 11.376321 -398.83856 7029.4949
0.155 11.222113 -388.61811 6761.7724
0.156 11.070839 -378.72216 6505.8715
0.157 10.922423 -369.13842 6261.1993
0.158 10.776794 -359.85515 6027.1964
0.159 10.633882 -350.8611 5803.3342
0.16 10.493619 -342.14554 5589.1136
0.161 10.355941 -333.69818 5384.063
0.162 10.220782 -325.50918 5187.7363
0.163 10.088083 -317.56911 4999.712
0.164 9.9577826 -309.86895 4819.5913
0.165 9.8298235 -302.40005 4646.9966
0.166 9.7041495 -295.15413 4481.5708
0.167 9.5807061 -288.12324 4322.9755
0.168 9.4594404 -281.29977 4170.8902
0.169 9.340301 -274.67642 4025.0114
0.17 9.2232383 -268.24619 3885.0512
0.171 9.1082038 -262.00236 3750.7368
0.172 8.9951505 -255.93848 3621.8093
0.173 8.8840328 -250.04837 3498.0233
0.174 8.7748064 -244.32608 3379.1457
0.175 8.6674284 -238.7659 3264.9554
0.176 8.5618567 -233.36236 3155.2422
0.177 8.4580508 -228.11019 3049.8067
0.178 8.3559712 -223.00433 2948.4593
0.179 8.2555794 -218.03991 2851.0199
0.18 8.1568381 -213.21225 2757.3171
0.181 8.0597109 -208.51687 2667.1881
0.182 7.9641626 -203.94942 2580.4779
0.183 7.8701586 -199.50576 2497.039
0.184 7.7776656 -195.18187 2416.7313
0.185 7.686651 -190.9739 2339.4211
0.186 7.5970832 -186.87815 2264.9812
0.187 7.5089313 -182.89103 2193.2904
0.188 7.4221652 -179.0091 2124.2333
0.189 7.3367558 -175.22906 2057.6999
0.19 7.2526746 -171.54771 1993.5854
0.191 7.1698938 -167.96197 1931.7897
0.192 7.0883865 -164.46887 1872.2175
0.193 7.0081263 -161.06556 1814.7777
0.194 6.9290876 -157.74928 1759.3837
0.195 6.8512455 -154.51737 1705.9525
0.196 6.7745755 -151.36727 1654.405
0.197 6.6990539 -148.29649 1604.6657
0.198 6.6246577 -145.30267 1556.6624
0.199 6.5513642 -142.38349 1510.3263
0.2 6.4791514 -139.53672 1465.5915
0.201 6.4079979 -136.76023 1422.3951
0.202 6.3378827 -134.05193 1380.6768
0.203 6.2687855 -131.40983 1340.3791
0.204 6.2006863 -128.83199 1301.447
0.205 6.1335657 -126.31655 1263.8279
0.206 6.0674047 -123.86169 1227.4714
0.207 6.0021848 -121.46568 1192.3292
0.208 5.9378879 -119.12682 1158.3553
0.209 5.8744964 -116.84349 1125.5054
0.21 5.8119931 -114.61412 1093.7373
0.211 5.7503612 -112.43716 1063.0103
